MTS793|MPT|ENU|1|2|.|/|:|1|0|0|A

Data Acquisition						Time:	236.88086	s	10/2/2026 2:31:12 PM
Axial Force	Axial Displacement	Axial Strain
lbf	in	in/in
43.863018	0.00049410382	-5.0756616e-06
86.949043	0.001096447	7.7097911e-06
115.36936	0.0016985824	4.4917224e-06
150.21568	0.0023755736	1.1955644e-05
175.15434	0.0029068724	1.1147349e-05
214.70018	0.003592985	-4.633097e-07
256.07541	0.0042201108	1.4649704e-06
294.06946	0.0048434953	-4.3616164e-06
331.40756	0.0055137677	3.8747444e-06
366.15543	0.006268105	-6.1474975e-06
416.90704	0.0068057706	1.3584271e-06
453.16666	0.0075747482	-7.2170283e-06
503.09689	0.0081507359	-1.4703488e-06
524.71161	0.0088629769	-4.6003147e-06
561.979	0.0094812531	-9.3558339e-07
597.56921	0.010229087	9.5161613e-06
634.46088	0.010837398	-1.4754711e-06
669.16449	0.011486067	-7.9907477e-06
694.49274	0.012289857	-1.4457619e-06
729.83685	0.012837391	1.6770326e-06
765.03619	0.013540273	-9.7394923e-06
794.51239	0.014190674	1.9024127e-06
832.50073	0.014791589	1.0377728e-06
857.68042	0.015564399	-1.0780594e-05
886.91364	0.016162977	-6.1690112e-06
913.76135	0.016943362	-4.110625e-07
943.00366	0.017543487	7.2736292e-08
972.51978	0.018185217	8.7949447e-06
993.37598	0.018876594	2.691499e-06
1023.2667	0.019589059	-1.8944731e-06
1048.0354	0.020269416	1.2634858e-05
1076.5668	0.020887934	-2.1085841e-06
1098.0168	0.021608863	-2.8607901e-06
1125.2074	0.022295078	8.1853943e-07
1138.2095	0.023021225	3.5858482e-06
1156.1432	0.023674959	-3.252132e-06
1175.444	0.024401067	7.2651778e-06
1189.6769	0.024972962	-2.7921517e-06
1212.4343	0.025656404	-1.873984e-06
1217.791	0.026407745	8.1485141e-06
1226.7283	0.027084801	-9.5274302e-08
1241.8809	0.02777647	9.2467299e-06
1249.6758	0.02842805	2.4917304e-06
1259.9192	0.029185556	-2.4538256e-06
1272.3879	0.029760413	-1.0943739e-06
1274.8054	0.030492337	-3.2961834e-06
1281.8589	0.031149136	1.8542633e-07
1287.5229	0.031871792	1.8317253e-06
1293.6929	0.032567017	-2.4200185e-06
1297.1526	0.033199251	9.0776948e-06
1298.7631	0.033847347	-5.6578078e-06
1308.6812	0.034524832	-1.4150282e-06
1314.6165	0.035203453	1.9536353e-06
1312.7837	0.035897337	-6.4463819e-07
1319.5842	0.036529623	2.5439774e-06
1317.5745	0.037277937	1.2121606e-05
1320.4906	0.037893753	-6.7478281e-06
1330.6903	0.038621079	5.5533137e-06
1327.6322	0.039262053	-2.3050234e-07
1338.6576	0.039842274	7.4086015e-06
1334.8713	0.040564992	-4.7703738e-06
1333.9158	0.041292567	1.263998e-05
1337.4011	0.041984752	3.3020742e-06
1338.4155	0.042598013	-7.8191516e-07
1349.1539	0.043282576	1.9157305e-06
1343.1147	0.043964528	-5.5420446e-06
1348.8693	0.044595487	2.214103e-06
1349.4508	0.045272689	-6.1915489e-06
1348.8235	0.045944564	3.0684985e-06
1353.0942	0.046636727	7.6821307e-06
1358.713	0.047242731	4.5665074e-06
1362.1731	0.047948886	1.3606297e-05
1354.6986	0.048597977	2.2438123e-06
1358.558	0.049226537	1.9464642e-06
1363.2769	0.049952541	-1.7069979e-06
1362.6665	0.050632268	4.5962165e-06
1373.5206	0.051278513	9.5141122e-06
1364.6973	0.051995102	1.6063452e-06
1368.7729	0.05259496	7.1565855e-06
1372.1011	0.053272087	-8.8512897e-06
1375.4305	0.053920962	-2.0491659e-06
1373.2974	0.054713529	-5.5010664e-06
1375.1146	0.055323184	3.5725302e-06
1380.0552	0.055897176	1.1493615e-05
1382.337	0.056710746	1.1485419e-05
1377.6719	0.05731488	-3.5092701e-06
1385.4719	0.057953231	2.601347e-06
1383.5659	0.058573984	-2.0594105e-06
1384.1022	0.059335053	-5.5604846e-06
1384.6659	0.059909176	8.2376419e-06
1394.2095	0.060627762	6.0173916e-06
1388.5856	0.061340459	2.3636735e-06
1386.1759	0.062053345	-6.4353694e-06
1393.7501	0.06260854	1.0244548e-07
1390.7122	0.063281603	3.0836091e-07
1394.9708	0.063977234	8.1331473e-06
1399.5724	0.064606316	1.2949109e-06
1403.2247	0.065265484	2.1895162e-06
1399.7466	0.065903097	-3.1886157e-06
1399.2235	0.06672398	3.6585843e-06
1405.3466	0.067280896	-4.2151196e-06
1404.6949	0.068015777	3.1770905e-06
1409.5356	0.068567589	-7.2856669e-06
1403.4445	0.0692432	-6.6607495e-06
1404.4545	0.069952011	-5.1722163e-06
1409.7664	0.070513532	9.2159962e-06
1409.5747	0.071356989	3.0807919e-06
1416.1355	0.071916744	-2.1423912e-06
1409.9166	0.072658651	1.281593e-06
1422.8527	0.073184289	6.7672927e-06
1410.5648	0.073972426	1.2344681e-06
1413.7858	0.074556261	2.3370376e-06
1422.6027	0.075265504	5.3071885e-06
1417.2426	0.075917348	1.6385899e-05
1426.0333	0.076612659	8.7898225e-06
1419.9584	0.077329561	6.925315e-07
1420.4158	0.07793799	7.7958457e-06
1423.4984	0.078639001	-6.7734395e-06
1425.369	0.07925567	4.2937463e-06
1431.016	0.07989572	-5.0264875e-06
1425.0372	0.08061941	4.5122115e-06
1422.0463	0.081342064	2.7324772e-06
1434.2552	0.081974588	8.0245545e-06
1428.829	0.082565472	-7.6526776e-06
1432.7455	0.083389826	2.2694237e-06
1433.3235	0.083959252	2.7396484e-06
1431.1173	0.084604032	-1.240666e-05
1432.8232	0.085264161	1.7313288e-07
1435.0554	0.085930787	3.2167881e-07
1436.2476	0.086558774	7.7756124e-07
1434.077	0.087329365	4.5275783e-06
1439.8605	0.087874308	2.9168791e-06
1437.5209	0.088626519	-8.2417391e-06
1441.454	0.089299329	1.2047589e-06
1440.3062	0.089965232	5.6219519e-06
1448.2833	0.090564989	6.184378e-06
1443.701	0.09127035	6.6996786e-06
1439.7286	0.0919673	5.8401611e-06
1445.4476	0.092572413	-6.6515295e-06
1446.5278	0.093294963	6.3311307e-07
1446.6329	0.093950383	-3.8739759e-06
1449.8602	0.094612658	-9.6052891e-06
1447.0747	0.095343269	4.2660863e-06
1454.4535	0.095937148	4.4999178e-06
1450.7848	0.096606657	7.9105839e-06
1458.048	0.097398624	6.8215886e-06
1450.1368	0.097983353	-7.6844362e-06
1455.7614	0.098588929	-2.3995294e-06
1452.0022	0.09932857	1.4778274e-05
1459.4573	0.099955514	5.5594605e-06
1464.2416	0.10057181	-6.5040076e-06
1459.506	0.1012515	5.5525453e-07
1461.4473	0.10193327	-2.315268e-07
1460.264	0.10261478	1.632981e-06
1460.0369	0.10327279	7.3030824e-06
1468.0159	0.10391676	1.2029405e-05
1463.9399	0.10461389	-6.2048671e-06
1467.65	0.1052509	3.9177717e-06
1463.9886	0.10593326	4.540896e-06
1458.5536	0.1066644	-2.3185974e-06
1468.0712	0.10726173	-4.3370296e-06
1472.0999	0.10790647	-2.3544533e-06
1476.4756	0.1085797	-1.6629464e-06
1470.4596	0.10929654	1.2467616e-06
1471.912	0.10990302	2.7970179e-06
1471.7769	0.11068937	-3.9487613e-06
1472.6354	0.11127273	4.42795e-06
1475.9679	0.11192763	-5.101273e-06
1471.2362	0.11267518	1.9177794e-06
1477.0468	0.11335456	7.4905579e-06
1472.6045	0.11397416	4.6100467e-07
1478.2133	0.11463181	2.5101706e-06
1477.5796	0.11532038	5.4352454e-06
1478.218	0.11600411	5.8206965e-06
1483.6558	0.11659368	3.270316e-06
1476.2585	0.11731494	1.4301389e-06
1480.4436	0.1179387	-2.6720343e-06
1485.2372	0.11864035	3.8481085e-06
1481.0417	0.11935285	1.5070244e-05
1483.0179	0.11996627	1.3359404e-05
1482.9276	0.12067373	5.7336179e-06
1487.9967	0.12126461	6.3421439e-06
1483.4127	0.12201797	1.2569292e-05
1488.1389	0.12262965	7.3543051e-06
1487.2688	0.1232993	4.0796353e-06
1487.1097	0.12401721	5.465979e-06
1488.6791	0.1246413	9.4147399e-06
1493.8024	0.12526287	-4.6023635e-07
1497.0084	0.1259179	2.7519418e-06
1491.8499	0.12663189	9.558164e-07
1492.0188	0.12727121	7.9034135e-06
1489.9192	0.12800811	-7.6588249e-06
1491.7158	0.12867928	6.605429e-06
1498.1154	0.12922882	1.4537014e-06
1495.282	0.12995446	-9.2897562e-06
1497.2848	0.13067615	3.9339068e-07
1497.1432	0.13129334	-1.0545994e-05
1492.9009	0.13188238	1.9505621e-06
1500.991	0.13265288	-3.5256614e-06
1497.8209	0.13324483	4.8840884e-06
1506.3754	0.13387787	8.9158302e-06
1502.3337	0.13462925	4.1872031e-06
1497.7401	0.13536866	7.3768433e-06
1505.6294	0.13597253	9.7456386e-06
1504.1934	0.1366726	4.2394504e-06
1507.6086	0.13726708	5.9098238e-06
1503.3534	0.13799179	2.8328739e-06
1507.63	0.13857248	-2.6310561e-06
1502.8356	0.13928324	7.5479275e-06
1505.7769	0.13986406	4.2148636e-06
1512.333	0.14065288	7.0858982e-06
1509.6519	0.14128861	6.8574445e-06
1518.5217	0.14186092	2.8595096e-06
1504.5443	0.14264517	9.4454736e-06
1508.8867	0.14328057	-2.7624426e-06
1510.6956	0.14395522	9.8921364e-06
1510.4529	0.14464453	2.274546e-06
1514.2249	0.14525801	4.0499262e-06
1510.0769	0.1460128	8.2560819e-06
1512.5769	0.14662008	-4.6494883e-06
1514.8199	0.14728229	1.2730388e-05
1513.0696	0.14798875	8.9434911e-07
1515.9821	0.14865334	8.1239273e-07
1515.6675	0.14932092	-2.6635826e-07
1514.7462	0.14994499	5.3000172e-06
1516.0542	0.1506467	1.0852306e-05
1519.8407	0.15126906	-8.9972747e-07
1520.8793	0.15200056	9.9044291e-06
1517.5934	0.15257426	7.6934002e-06
1523.5618	0.15323289	-1.0972168e-05
1516.2294	0.153974	5.1975717e-06
1520.5299	0.15462296	3.7495047e-07
1526.4913	0.155247	2.227421e-06
1522.5453	0.15591742	-1.438309e-05
1523.0922	0.15667877	7.5233402e-06
1518.2241	0.15733732	6.0442835e-07
1527.0487	0.1580617	-7.4208947e-06
1523.9745	0.1586061	-8.0542641e-06
1524.1588	0.15930711	9.3327839e-07
1528.3926	0.15995415	7.1258519e-06
1522.1079	0.1605932	-1.6885577e-06
1530.4613	0.16130736	-6.4540657e-08
1529.902	0.16193153	-2.5193906e-06
1535.3859	0.16255042	4.7227368e-07
1524.9606	0.16333118	-5.1763141e-06
1533.8032	0.16392967	4.0427549e-06
1527.5054	0.16461039	-1.6147969e-06
1528.9578	0.16530176	3.8071303e-06
1538.5963	0.16591322	2.7837e-06
1531.0029	0.16665486	-5.8084029e-06
1531.7268	0.16723375	-3.4344848e-06
1529.1025	0.16805546	-5.4057923e-06
1534.7274	0.16858165	3.2180687e-06
1541.3064	0.16927992	-4.1628723e-06
1535.4692	0.17005154	-2.6249095e-06
1541.722	0.17060119	-1.7213403e-06
1534.8835	0.17134567	3.9403094e-06
1526.9614	0.17198181	6.5040076e-06
1537.2249	0.17255978	-6.4258933e-07
1537.4678	0.17333996	-2.919184e-06
1540.8934	0.17391478	8.2653014e-06
1536.9133	0.17463814	4.9127734e-06
1535.0199	0.17535202	2.0962907e-06
1536.9148	0.17597336	2.1700514e-06
1537.5574	0.17662083	1.0184106e-05
1543.2292	0.17729613	1.1999696e-05
1541.7418	0.17795287	7.6862289e-06
1541.8567	0.1786579	1.5622936e-06
1541.0419	0.17926309	-5.8112204e-07
1538.6287	0.17999224	1.016669e-05
1540.8845	0.18063153	1.6848953e-05
1542.5658	0.1812997	2.6372029e-06
1544.3838	0.18189728	4.9178957e-06
1536.2726	0.18261018	4.5337251e-06
1541.5453	0.18325908	5.7520579e-06
1546.6418	0.18398228	8.4660951e-06
1542.6322	0.18466882	9.4454736e-06
1548.8489	0.18530568	1.1055148e-05
1544.0377	0.18609886	1.4329562e-05
1551.7396	0.18667798	1.40253e-05
1544.1311	0.18732159	-1.7408049e-06
1555.1837	0.18786539	-7.2743978e-06
1545.3943	0.18860954	-8.8092875e-06
1545.0288	0.18928367	-1.0756776e-07
1550.8511	0.1900038	3.2211422e-06
1549.8506	0.19062264	-1.8493971e-06
1553.7991	0.19123751	7.5264138e-06
1553.9044	0.19194977	1.5274621e-06
1550.4948	0.1926458	-8.7519174e-06
1543.6344	0.19339743	-2.0284206e-07
1549.5724	0.19396673	-8.2084443e-07
1559.988	0.19453427	-3.5779087e-07
1551.0306	0.19533858	7.7026198e-06
1549.3568	0.19586673	3.488525e-06
1555.5747	0.19659041	6.146473e-06
1549.5929	0.19739182	2.9670773e-06
1555.5168	0.19796126	3.0080555e-06
1558.7086	0.19860049	9.2631208e-06
1560.0123	0.19923244	2.0478853e-06
1556.0295	0.19995849	1.5673902e-05
1552.3995	0.20071651	7.8575687e-07
1554.1511	0.20124142	3.5387231e-06
1553.3842	0.2020701	-1.4088815e-06
1563.1801	0.20251207	1.1832453e-06
1556.123	0.20329779	-2.5193906e-06
1558.2745	0.20396332	-5.7395084e-07
1552.9308	0.20465463	1.839921e-06
1556.9926	0.20532267	7.5008024e-06
1560.3013	0.2059748	4.6914911e-06
1558.7509	0.20662056	2.3544533e-06
1564.8784	0.20721588	4.0468526e-06
1554.1962	0.20807743	-1.1169119e-06
1563.7137	0.20860426	3.1811885e-06
1565.0651	0.20920242	3.6675485e-07
1555.3259	0.20996688	-5.831709e-07
1560.9536	0.21062817	1.9269996e-06
1559.5654	0.21129936	-1.0595169e-05
1562.7253	0.21193564	-1.7723069e-07
1561.9447	0.21261093	-2.6228606e-06
1562.5081	0.21328942	1.4260412e-06
1561.1578	0.21400315	-4.8974066e-06
1560.2681	0.21461833	9.5171856e-07
1560.1624	0.21529709	1.4895573e-06
1566.1204	0.21602874	3.8593776e-06
1561.8568	0.21664236	-7.904694e-06
1567.1472	0.21732974	1.0490418e-06
1564.073	0.21797101	-2.7660281e-08
1559.0817	0.21872309	-8.2186892e-07
1559.7898	0.21940316	1.0350323e-05
1564.201	0.21991695	2.2417632e-06
1569.0765	0.22057061	1.6616658e-06
1565.1685	0.2212908	4.4527928e-06
1568.6638	0.22198822	-3.7295279e-06
1565.3728	0.22265825	-2.1936139e-06
1569.5536	0.22326413	-1.5748433e-06
1569.2922	0.22395262	2.3237196e-06
1570.5725	0.22462171	4.0622194e-06
1566.1978	0.22538547	7.9003394e-06
1562.5631	0.22602621	3.7392601e-07
1569.9928	0.22671026	6.3073126e-06
1565.4948	0.22741427	-1.1990475e-05
1567.3306	0.2279679	-9.2252158e-06
1572.3691	0.22861747	-8.1264881e-07
1568.8036	0.22930102	7.3863197e-07
1568.5862	0.22995321	3.5889216e-06
1567.2773	0.23061238	3.5120875e-06
1578.8418	0.23122731	-2.7283793e-06
1568.9336	0.23195542	-7.0917889e-07
1571.0508	0.23260891	3.484427e-06
1564.8412	0.23330472	5.2631367e-06
1568.7737	0.23397115	1.0029413e-06
1575.4642	0.23463352	5.6731747e-06
1575.6084	0.23526104	-5.0387812e-06
1574.759	0.23598027	-2.7324772e-06
1565.2014	0.23663346	-2.292986e-06
1568.4371	0.23733543	4.5337251e-06
1574.9469	0.23793255	1.2434065e-05
1574.681	0.23864852	-1.1906726e-06
1573.6143	0.23931286	5.0203412e-06
1568.3082	0.23998368	3.6503889e-06
1571.0929	0.24065258	4.1554449e-06
1575.5353	0.24127714	1.2221747e-06
1571.0155	0.24197601	3.3973483e-06
1574.5134	0.24265938	7.8030162e-06
1574.5767	0.24337804	3.236509e-06
1573.89	0.24394883	-2.3677712e-06
1570.4452	0.2446712	-1.0165922e-05
1567.4642	0.24531396	8.1669541e-06
1581.1064	0.24596524	8.668937e-06
1571.6215	0.24673569	1.4910428e-05
1578.0961	0.24730705	7.04492e-06
1571.9492	0.24799803	-4.8195479e-06
1576.9749	0.24859543	1.6033488e-05
1576.9705	0.24929406	6.8174909e-06
1572.0619	0.25000149	-4.2642932e-07
1576.8705	0.25063786	1.2529083e-06
1572.8689	0.25130585	-3.5010744e-06
1581.6841	0.25187653	-6.2927137e-07
1578.5627	0.25265372	2.3862115e-06
1576.1505	0.25326803	9.4608404e-06
1574.4091	0.25400487	8.5931269e-06
1577.4032	0.25466302	-2.8290322e-06
1581.7875	0.2552447	1.2995722e-05
1574.2939	0.25593844	2.1905405e-06
1578.744	0.25660899	3.7518098e-06
1577.5062	0.25737754	6.6179786e-07
1576.1189	0.25797468	9.9361878e-06
1575.9517	0.25870651	1.2053992e-05
1576.6519	0.25928056	3.6247775e-06
1581.3804	0.25991118	9.7681768e-06
1582.7462	0.26062119	-3.8022642e-06
1583.4597	0.26124537	-2.6587165e-06
1573.7631	0.2620649	6.2202339e-06
1571.1199	0.26271102	3.8522062e-06
1584.1023	0.26324263	2.1137064e-06
1580.6721	0.2639854	1.3323548e-05
1584.2385	0.26461166	7.726182e-06
1577.5526	0.26530987	6.3175571e-06
1574.965	0.26598144	3.4956961e-06
1581.5505	0.26659465	5.110493e-06
1580.3489	0.26726529	-2.9765536e-06
1587.3495	0.26795954	7.007015e-06
1579.3441	0.26866046	-3.7213322e-06
1577.1803	0.26936892	-6.8584691e-06
1583.2561	0.26992115	-7.8350304e-06
1575.9457	0.27065471	9.1299416e-06
1583.0935	0.2713289	6.2110134e-06
1579.0717	0.27202213	-4.8717952e-06
1585.1703	0.27258906	3.317441e-06
1579.6119	0.27334526	6.6371867e-06
1577.7653	0.27401096	8.276571e-06
1583.722	0.27463281	5.5346172e-06
1578.4742	0.27540031	6.9629637e-06
1586.9332	0.27601072	3.2672426e-06
1574.3732	0.27673081	2.5265617e-06
1585.7653	0.27726212	4.8533548e-06
1577.5287	0.27802342	9.8695982e-06
1584.1362	0.27856499	1.1173986e-05
1576.9131	0.27929023	-1.0646647e-06
1577.434	0.27999803	5.1166398e-06
1581.1199	0.28061432	1.0158495e-05
1580.9038	0.28132874	7.9805031e-06
1579.3054	0.28194401	1.385063e-06
1583.4185	0.28261766	-7.2262483e-06
1577.6727	0.28337058	6.7818911e-07
1577.8134	0.28397354	2.9773219e-06
1582.0114	0.28456736	8.6156655e-07
1584.4374	0.28526205	7.856288e-06
1576.2074	0.28602085	7.6606175e-06
1576.4512	0.28666773	-4.5306516e-07
1573.4656	0.28739691	-1.3248763e-06
1572.2177	0.28798258	1.520291e-06
1578.8171	0.28864375	4.4218032e-06
1582.0845	0.2892769	3.9638721e-06
1580.6523	0.28995389	3.6163257e-07
1572.7296	0.2906431	1.3758429e-06
1567.1272	0.29140496	9.4966964e-07
1577.6012	0.29201788	-8.3831137e-06
1574.0443	0.29264057	1.5659562e-05
1584.5398	0.29324287	-5.1496786e-06
1572.0142	0.29396889	-8.3021823e-06
1570.802	0.29469213	5.0992239e-06
1574.541	0.29530448	-1.0882271e-06
1575.5177	0.29596817	2.7457952e-06
1573.6974	0.29665339	-9.2636333e-07
1568.0879	0.29728511	8.5173178e-06
1575.1653	0.29797375	7.6544702e-06
1569.3573	0.29864702	4.6218279e-06
1567.2024	0.29935786	-6.8902273e-06
1565.5062	0.29999858	3.1758102e-08
1559.2958	0.30069664	-2.9089395e-06
1563.7406	0.30135545	4.513236e-06
1560.3339	0.30206802	8.632057e-06
1564.0306	0.30265126	8.8738279e-06
1553.821	0.30343556	-3.1384175e-06
1557.2991	0.30413279	3.8224971e-06
1552.3521	0.30470461	-2.9632356e-06
1551.1831	0.3054263	2.2796683e-06
1551.8496	0.3059684	3.8880621e-06
1542.1793	0.30671307	4.1339313e-06
1550.6472	0.30731294	-3.9016363e-06
1534.5056	0.3080641	-5.0736128e-07
1540.1825	0.3087261	6.2991166e-06
1535.6812	0.30939621	6.94145e-06
1530.0496	0.31000954	9.1657976e-06
1527.2914	0.31070852	3.0818162e-06
1517.2477	0.31137332	2.1925896e-06
1515.6765	0.31207439	-2.4937792e-06
1499.4617	0.31276441	6.6566517e-06
1493.7621	0.3134149	7.0479932e-06
1483.9623	0.31426838	8.0993404e-06
1479.7858	0.3147693	1.0746788e-05
126.6389	0.32169893	9.4608404e-06
