MTS793|MPT|ENU|1|2|.|/|:|1|0|0|A

Data Acquisition						Time:	481.81055	s	10/2/2026 3:27:13 PM
Axial Force	Axial Displacement	Axial Strain
lbf	in	in/in
-17.705101	0.00059772906	3.95081e-06
-5.7112575	0.0011487225	-1.7357339e-05
1.6882671	0.0018036597	-8.8164588e-06
14.485646	0.002411369	-9.2836099e-06
24.60726	0.00313512	-1.2300117e-05
32.505039	0.0037514046	-4.4691842e-06
38.865017	0.0044781645	-1.5823474e-05
46.431591	0.0051631373	-1.6628695e-05
54.475964	0.0057763946	-1.9181893e-05
63.333977	0.0065684314	-6.8564204e-06
75.041695	0.0072194464	-5.7897064e-06
79.547363	0.0078017176	-4.549092e-06
88.259254	0.0084712896	-9.9845929e-06
99.692337	0.0090972865	-9.588897e-07
106.5613	0.0098286625	-3.101281e-06
117.27431	0.010474974	-8.1339158e-06
123.41406	0.011202009	-1.0623853e-05
134.92174	0.011842835	-1.2495788e-05
139.75334	0.012473391	-1.3263105e-05
145.43224	0.013115339	-2.1130661e-05
156.19923	0.013827884	-1.2150034e-06
162.81714	0.01457208	-5.5212995e-06
169.60327	0.015160797	-1.1053099e-05
177.73926	0.015880831	-9.1442844e-06
186.14128	0.016473347	-1.0555214e-05
193.32657	0.017197464	-1.413799e-05
200.00497	0.01783119	-9.6339736e-06
206.61334	0.01855699	-1.7818344e-05
213.58534	0.019150589	-1.1529471e-05
222.93748	0.019810939	-8.6279588e-06
227.81587	0.020522034	-2.4051638e-05
234.4944	0.021142479	-1.2234552e-05
239.99855	0.021897113	-7.8337498e-06
245.47552	0.022484196	-7.4864602e-06
253.22067	0.023153652	-1.5639072e-05
258.47009	0.023851659	-5.4168049e-06
266.45975	0.02451366	-8.5326847e-06
271.54636	0.025239496	-1.185115e-05
274.68268	0.025883315	-8.9455398e-06
282.77875	0.026491305	-1.2281677e-05
287.66275	0.027223164	-1.3012113e-05
294.17801	0.02780881	-8.706842e-06
299.36389	0.02853675	-1.8991344e-05
304.54984	0.029219905	-3.8924163e-06
307.55273	0.029881869	-4.6638306e-06
311.86331	0.030551679	2.9455639e-06
319.90506	0.031142836	-1.2056041e-05
323.5061	0.031867407	-1.7075614e-05
329.73422	0.032570701	-1.0311394e-05
331.75143	0.033203114	-7.6831557e-06
335.70935	0.033893861	-9.2928303e-06
341.18875	0.034563124	-2.2550812e-06
346.08273	0.035154682	-1.7956645e-05
353.01187	0.035955697	-4.5091379e-06
353.92783	0.036577385	-1.5852158e-05
358.9794	0.037168421	-1.7018245e-05
363.15695	0.037949935	-6.2148551e-06
365.64383	0.038507454	-5.8450273e-06
372.20837	0.039225534	-4.6341215e-06
374.43112	0.039910752	-1.5914649e-05
377.01675	0.040565386	-4.3278096e-06
381.57428	0.041230503	-6.362633e-06
388.01077	0.041825507	-9.1760421e-06
389.12781	0.042559434	-5.5499841e-06
391.29343	0.043183364	-2.0447351e-05
395.8606	0.043949429	-3.1217701e-06
397.73175	0.044627964	-6.2384179e-06
400.90854	0.045219548	-9.930297e-06
404.40106	0.045908317	2.8820475e-06
407.27225	0.046663389	-7.5458784e-06
409.16656	0.047258049	-1.3352233e-05
410.59381	0.047885843	-1.0354422e-05
415.21075	0.048530608	-8.0847412e-06
419.06821	0.049181923	-1.0273489e-05
420.02634	0.04984035	-6.407709e-06
424.78571	0.050552737	-3.2744138e-06
424.73053	0.051279463	-4.9394089e-06
428.71307	0.051958952	-1.7788634e-05
431.09601	0.052531403	-3.2098733e-06
434.29218	0.053216804	-1.3358891e-06
437.02643	0.053904034	-1.4055521e-06
436.67422	0.054548021	-1.0060403e-05
440.38721	0.055185929	-1.3371697e-05
441.79941	0.055892136	1.6004547e-06
445.9924	0.05648537	-8.6802056e-06
446.98734	0.057294164	-8.0017608e-06
449.7677	0.057922021	-1.1288724e-05
448.8222	0.058583822	-3.9333945e-06
451.34119	0.059297096	-4.8246702e-06
454.86804	0.059929904	-8.2148472e-06
456.03006	0.060571123	1.3515121e-06
461.86041	0.061248347	3.3586753e-06
459.93149	0.061884087	-1.3548928e-05
461.8371	0.062546574	-8.193334e-06
464.93716	0.063198052	-6.885105e-06
466.76254	0.063940048	-8.416665e-06
468.97824	0.064645477	-3.2190933e-06
468.77908	0.065269321	-5.9064946e-06
469.27048	0.065977931	-3.8296685e-06
472.88303	0.066571929	-1.2465054e-05
473.7019	0.067210659	-1.1010073e-05
477.81281	0.067962542	-8.1246953e-06
479.54141	0.068644762	-2.3869799e-07
479.24738	0.069283098	-5.0930771e-06
482.29526	0.069947608	-1.441869e-05
483.87872	0.070587099	-2.1854182e-06
486.27625	0.071203716	-5.7384837e-06
487.33035	0.071919069	-9.7251495e-06
487.76859	0.072527893	-1.6951655e-05
487.46649	0.073239185	-6.1923174e-06
488.04938	0.073940851	8.3339401e-06
493.04553	0.074566774	-5.8235137e-06
492.48956	0.075280577	-9.0838412e-06
495.81873	0.075937919	-3.0920608e-06
495.52142	0.076570228	-9.9180033e-06
499.0267	0.077247925	-2.9342948e-06
499.05045	0.077954754	-7.2713246e-06
503.1572	0.078510612	-1.6840757e-05
504.6348	0.07923682	-9.836047e-06
502.60114	0.080018416	-1.7617551e-05
506.3483	0.080564953	-1.1038757e-05
506.70853	0.081264257	-5.0387812e-06
508.0538	0.081944853	-1.2385659e-06
508.90961	0.082595773	-5.2416231e-06
511.12906	0.083255433	-4.0061309e-06
511.76926	0.083952747	4.2438041e-06
511.9859	0.084619999	-6.4599562e-06
516.38312	0.085234195	-1.6503711e-05
516.30182	0.085964821	-7.5510006e-06
518.50366	0.086577624	-1.0330858e-05
517.00201	0.087213747	-3.9969104e-06
517.65753	0.087943517	-1.131536e-05
520.31519	0.088649094	-6.8646159e-06
520.69183	0.089284867	-7.0223819e-06
522.07007	0.089883141	9.1278929e-07
522.40094	0.090649158	-2.2301871e-05
520.55792	0.091277964	-1.1793781e-05
524.85712	0.091945864	-1.4914782e-05
526.99457	0.092591055	-3.2764628e-06
528.97345	0.093307249	-1.0748837e-05
530.90796	0.093889423	-5.4864681e-06
528.89301	0.09465386	-6.6832872e-06
529.61237	0.095238745	-9.5407477e-06
531.52026	0.095949322	-1.3211882e-05
533.58514	0.096606225	-1.0249927e-05
533.5592	0.097229704	-1.8135925e-05
535.46619	0.097935058	-7.9751253e-06
536.20453	0.098566428	-7.1022896e-06
535.2948	0.099262506	-2.3800646e-06
539.00836	0.099896327	-1.4606421e-05
538.53845	0.10063017	-4.4563785e-07
541.06891	0.10130394	-1.1787633e-05
539.04034	0.10193004	-3.4588156e-06
542.81854	0.1025657	-3.8276194e-06
542.74237	0.10328108	-1.4433032e-05
541.01221	0.10390565	-4.2909292e-06
544.97894	0.10456128	-2.0635082e-06
543.33594	0.10522004	-1.4116476e-05
546.90778	0.10581848	-7.8286275e-06
547.35522	0.10653048	-9.7745797e-06
548.62451	0.10730217	-1.8286519e-05
547.81592	0.10804045	4.9814116e-06
549.91907	0.1085972	-1.0611559e-05
551.1767	0.10928238	-9.800191e-06
549.37457	0.10994321	-5.9945974e-06
550.98175	0.11056964	-1.2414856e-05
554.41644	0.11129139	-1.0155677e-05
553.02081	0.11191747	-1.185115e-05
554.23499	0.11255229	-1.0443548e-05
555.99286	0.11327073	-1.6885577e-06
558.5968	0.11396375	-4.9957539e-06
557.74274	0.11454333	-7.6083702e-06
562.49286	0.11518901	-6.9332546e-06
559.12683	0.11587801	-1.7988403e-05
556.34161	0.11662956	-1.3260032e-05
559.81012	0.11726807	-9.397324e-06
561.2467	0.11796842	4.292466e-07
562.92859	0.11856739	-1.0445598e-05
562.89087	0.11927116	-7.0418464e-06
562.20386	0.11990882	-1.1357362e-05
563.08911	0.12060165	-4.4251328e-06
563.54596	0.12128558	1.3259007e-06
566.9444	0.12195212	-5.0326344e-06
566.90741	0.12267174	-2.2719847e-05
566.8208	0.12324753	-1.6190228e-05
568.47034	0.12390711	-5.3635335e-06
566.5791	0.12470988	-1.0702736e-05
568.77002	0.12530255	-5.6473073e-06
569.89282	0.12596169	-1.1917739e-05
572.14325	0.12661065	-9.0541316e-06
570.12769	0.12732092	-6.7980263e-06
570.06335	0.12794754	-1.3408578e-05
574.78784	0.12855457	-1.0994706e-05
573.50659	0.12931818	-1.0924018e-05
575.54541	0.12994932	-1.394744e-05
574.4032	0.13061678	-8.2066517e-06
576.466	0.13123757	-2.3565024e-06
577.53857	0.13192452	-1.1245697e-05
577.59003	0.13254015	-7.2303465e-06
578.05109	0.13321583	-1.3729232e-05
577.56763	0.13397804	-1.0008155e-05
578.04871	0.13459006	6.8451513e-06
580.07269	0.13525325	-3.2908051e-06
581.02991	0.13590007	-5.9812796e-06
583.66846	0.13658693	-1.9928209e-06
583.97351	0.13726427	-3.9559322e-06
582.87469	0.13797751	-1.696907e-05
582.58966	0.13862367	-5.9930608e-07
584.56195	0.13928787	-3.3397228e-07
584.7771	0.13995498	-1.3307668e-06
585.07849	0.14065687	-6.4845431e-06
587.33527	0.14126731	2.2025779e-07
586.1416	0.14189465	-4.1362364e-06
586.1051	0.14255251	-3.2426558e-06
590.01758	0.14322147	-1.9497936e-06
591.69952	0.14395677	-1.1811965e-06
592.69812	0.14453501	-1.076702e-06
589.76807	0.1453006	-5.9894751e-06
592.32513	0.1459817	-6.5890376e-06
592.34637	0.14660479	6.0307098e-06
595.24713	0.14722905	-5.2006449e-06
593.73346	0.14790879	5.8790902e-06
592.79828	0.14858399	-6.9291564e-06
594.21423	0.14928189	-2.1946385e-06
595.16467	0.14992508	-1.1770986e-06
598.47266	0.15064102	-1.2393342e-05
596.83844	0.15126528	-7.9669289e-06
600.60364	0.15185228	-9.8770251e-06
599.26093	0.15258895	3.3515041e-06
599.15161	0.15336512	-4.2571223e-06
601.87878	0.15398525	-1.313095e-05
602.20148	0.15469444	-7.4055279e-06
602.03021	0.15520202	-3.0305935e-06
601.8952	0.15600657	-1.4701695e-05
601.82367	0.15658554	-4.0675982e-06
604.52673	0.1572531	-4.5900701e-06
605.57886	0.15799336	-1.0541897e-05
608.83813	0.15861607	-5.1135662e-06
606.89044	0.15922219	5.4296106e-07
605.4411	0.15990913	-8.3541736e-06
607.74109	0.16061437	3.135088e-06
607.45929	0.16126825	-3.9928127e-06
609.65985	0.1619349	-1.2128777e-05
609.35077	0.16257884	1.0872027e-06
611.33972	0.16325229	-1.896522e-06
610.68744	0.16390613	6.484799e-07
610.59894	0.16458087	-7.7756124e-07
613.95117	0.16529736	-4.8226211e-06
613.72742	0.16586636	-2.2683992e-06
614.93182	0.1665408	-3.9866659e-06
614.99402	0.16732208	-1.2037344e-06
613.7807	0.16792266	-6.4066844e-06
614.73401	0.1685539	3.2508515e-06
615.59259	0.16925704	-5.1043462e-06
618.37286	0.16996369	-5.0572212e-06
616.11945	0.17060827	-6.0396737e-06
618.15515	0.17134993	-5.2580144e-06
620.02673	0.17193995	3.3801889e-06
620.69171	0.17254575	-1.3318426e-05
621.35468	0.17328803	-2.6679365e-06
620.20868	0.17396626	1.817639e-06
622.78784	0.17459929	-1.3219053e-05
623.17542	0.17525932	-7.7702343e-06
627.03949	0.17591238	-1.1491567e-05
624.8006	0.17658514	1.5615253e-06
622.76239	0.17718743	-7.0223819e-06
624.8855	0.17795663	-2.1290732e-06
625.08112	0.17859191	-3.5458943e-06
628.50677	0.17919795	-1.3493607e-05
628.54016	0.17996664	-1.5103026e-06
631.18933	0.18060477	-9.9210765e-06
629.59674	0.18120345	-9.0203248e-06
628.93951	0.18190065	4.6945643e-06
631.66229	0.18261716	-7.9433667e-06
631.45715	0.18320437	-9.5530413e-06
634.383	0.18395729	7.7917475e-06
633.16193	0.1846775	-5.2231831e-06
632.01715	0.1853312	-5.5786691e-06
633.14746	0.18589848	-2.7591129e-06
633.81311	0.1866395	-4.9189198e-06
636.88068	0.18726802	-8.0581058e-06
637.86963	0.18788968	-9.1330148e-06
636.17474	0.18860678	-1.5680051e-05
638.73767	0.18932256	-4.204875e-06
638.35455	0.18993284	-8.9650048e-06
640.5918	0.19054584	-2.7078902e-06
640.17792	0.19123939	-1.2968062e-05
639.12787	0.19190542	-1.5378861e-05
640.14954	0.19261228	-2.22906e-05
639.64539	0.19323292	-1.6342616e-06
642.99054	0.19391312	-7.7097911e-06
642.57855	0.19465518	-6.6966054e-06
645.82214	0.19534074	-9.5243568e-06
644.91956	0.19592421	-1.807753e-05
646.19482	0.19654845	-7.5243647e-06
646.34973	0.19718081	-1.4984445e-05
648.24945	0.19793352	-1.0381057e-05
648.02948	0.19857043	-8.631032e-06
646.11145	0.19929329	-5.7354105e-06
648.64435	0.19991854	-1.2642286e-05
649.25708	0.2006212	-7.2149796e-06
648.7771	0.20119558	-7.0766782e-06
653.80658	0.20192809	-9.8442424e-06
651.95294	0.20259519	-8.9701271e-06
651.88489	0.20328747	-1.6992633e-05
653.39764	0.20393403	-5.1453244e-06
657.42731	0.20454451	-1.4906586e-05
654.73676	0.20531754	-8.9393934e-06
654.83539	0.2059703	2.7455391e-07
655.62103	0.20659713	-2.7959934e-06
655.59247	0.20729953	-1.3765088e-05
658.9436	0.20788831	-1.232163e-05
657.47668	0.20857896	-9.9159543e-06
660.45221	0.20921607	-7.6913511e-06
659.93298	0.20992611	-8.7293802e-06
660.42664	0.21060273	-8.2076758e-06
660.98224	0.21125622	-1.2957817e-05
660.42145	0.21210398	-1.5097135e-05
663.1131	0.21256389	-1.5202654e-05
663.30493	0.21329221	-1.2940402e-05
660.58105	0.21397577	-6.4620053e-06
663.22791	0.21463332	-1.6879687e-05
664.57074	0.21528809	-3.997935e-06
666.63672	0.21589763	-1.088304e-05
666.23395	0.21659908	-6.0611869e-06
666.75507	0.21729355	-4.1475055e-06
668.45862	0.21791959	-9.5643109e-06
667.54376	0.21860896	-1.138195e-05
673.31909	0.2192445	-8.1626004e-06
670.55548	0.2199899	-1.9654422e-05
671.02002	0.22054477	-9.7674083e-06
671.08453	0.22126432	-6.5972331e-06
670.82758	0.22195634	-1.1858321e-05
673.74463	0.2226243	-3.3983729e-06
674.85596	0.22323586	-4.7785697e-06
675.66608	0.22386572	-5.7497527e-06
673.33691	0.22457311	-1.0070391e-06
676.6579	0.22524777	-7.2088328e-06
676.35071	0.22595625	-6.7806104e-06
677.67297	0.22657825	-1.2385147e-05
679.87988	0.22725299	-4.8103279e-06
677.45801	0.22797096	-8.3961759e-06
679.87262	0.22858165	-4.8369634e-06
677.74646	0.22927994	-3.62657e-07
680.96381	0.22989966	-7.3850388e-06
682.14783	0.23064625	-4.4046437e-06
680.47894	0.2313233	5.0951262e-06
681.32373	0.23190561	-2.2514956e-05
683.22943	0.23255774	-1.8944731e-06
684.71973	0.2332332	-8.9240266e-06
686.34338	0.23395702	-9.6770009e-06
686.72662	0.23454024	-3.9456877e-06
685.73102	0.23531343	-4.8144257e-06
687.49817	0.23595956	3.0848896e-06
690.44531	0.23660423	-1.0456867e-05
688.74084	0.23735732	1.0994962e-06
689.31805	0.23792517	-1.0455842e-05
690.57007	0.23860593	-5.8091714e-06
688.38281	0.23931202	-3.4495956e-06
691.62036	0.2399655	-3.8929284e-07
691.66785	0.24056071	-5.9023964e-06
694.34467	0.24129707	-6.1247033e-06
693.21283	0.24194732	3.8278754e-06
691.93561	0.24262221	-5.9623272e-07
694.20728	0.24335609	1.6281149e-06
693.02972	0.24393654	-5.9351792e-06
696.4386	0.24461256	-2.2151276e-06
698.31439	0.24524051	-5.465979e-06
698.2854	0.24598433	-6.8728114e-06
696.04456	0.24664862	-1.0150555e-05
697.21387	0.2472643	-1.8597953e-05
701.69788	0.24790227	-8.4548255e-06
701.69904	0.24857967	-1.3901853e-06
703.8692	0.24924111	-9.0766698e-06
701.09192	0.25001198	-9.5274302e-08
701.40564	0.25068456	-6.8605182e-06
704.91669	0.25124481	-6.529619e-06
703.02917	0.25198662	-2.0665816e-06
706.28412	0.25258186	-1.4890195e-05
704.47693	0.25334635	-5.0275121e-06
708.44897	0.25392672	-4.8123766e-06
705.40814	0.25460699	-4.5265538e-06
706.08167	0.25527653	-1.1433172e-05
708.78961	0.25596803	-6.2199774e-06
708.51453	0.25662202	-5.1914249e-06
710.07434	0.25726083	-9.511039e-06
709.00537	0.25794271	-8.0939617e-06
711.19489	0.25860789	-1.0738592e-05
711.31714	0.25918379	-1.6635866e-05
712.39001	0.25988689	-1.9108645e-06
712.50732	0.26070654	-5.6053045e-06
712.31384	0.26126334	-1.3877778e-05
716.1767	0.26192755	-1.0029669e-05
717.46936	0.2625972	-3.2372773e-07
715.83875	0.26326126	-1.255828e-05
717.25781	0.2639924	-1.2298068e-05
716.24408	0.26449612	-1.089226e-05
719.66449	0.26531106	-1.1637038e-05
719.70172	0.26589453	-7.4536774e-06
722.83234	0.2665844	-1.335633e-05
721.19312	0.26726863	-3.3205142e-06
718.27478	0.26796994	-1.1210866e-05
721.97931	0.26864883	-8.7652361e-06
720.83832	0.26935515	3.3637975e-06
723.97217	0.26994553	-9.9046856e-06
724.97668	0.27059087	-7.2303465e-06
725.5863	0.27124193	2.5624176e-06
725.26526	0.2719121	-8.7519174e-06
723.06372	0.27265802	-6.5664995e-06
726.10083	0.27318791	-8.4412522e-06
728.1543	0.27396178	-1.6404083e-06
729.89972	0.27454334	-1.6365409e-05
726.8645	0.27519888	-4.6013388e-06
727.1684	0.27601549	-8.8605102e-06
727.77295	0.27659246	-8.8164588e-06
730.66254	0.27729422	-7.3778679e-06
733.3302	0.27791074	-7.7978939e-06
731.18146	0.27868196	-5.6698455e-06
732.49298	0.27921161	-9.2395585e-06
734.73779	0.27989864	-5.2487944e-06
733.31293	0.28064203	-6.3073126e-06
735.68762	0.28129509	-1.9756868e-05
735.07001	0.28199828	-9.9743484e-06
735.19019	0.28258693	-5.2334276e-06
735.51373	0.28327808	-2.849265e-06
735.07684	0.2839067	-4.6505129e-06
738.88623	0.28456584	-9.5796777e-06
737.63788	0.28528145	-1.6260916e-05
740.56445	0.2859723	-5.7313127e-06
740.03192	0.28664631	-1.0628975e-05
742.89618	0.2872138	-7.4229438e-06
742.35205	0.28792262	-1.6246573e-05
744.42566	0.28856507	-1.3372722e-05
742.13525	0.28920931	-1.0677125e-05
740.34479	0.2899549	-1.8662495e-05
742.85925	0.29060513	-1.2010964e-05
744.58112	0.29124054	-5.128933e-06
747.07031	0.29193318	-1.3585808e-05
748.28662	0.29253024	-3.0131778e-06
746.70264	0.29330492	-1.2876885e-05
747.99585	0.29389805	-1.8297787e-05
748.63025	0.29457796	-9.1299416e-06
751.3111	0.29527897	-2.2291626e-05
751.41119	0.29594168	-9.6073372e-06
749.49811	0.29663819	-2.4946245e-05
751.92438	0.29730004	-5.3317754e-06
749.99939	0.29792994	-2.2560032e-05
754.31677	0.2985501	-6.1677306e-06
752.85199	0.29926318	-7.06336e-06
756.46985	0.29993248	-1.2440468e-05
754.65167	0.30062962	-1.2432271e-05
753.42963	0.30125198	-7.7005707e-06
758.17725	0.30193129	-8.4340809e-06
757.21283	0.30258814	-2.475339e-06
760.38208	0.30331475	-7.6424334e-07
757.13989	0.3040185	-8.1779672e-06
757.3949	0.30457994	-1.1705677e-05
760.01135	0.30523631	-8.632057e-06
761.42456	0.30594844	-5.8870296e-06
761.76605	0.30662543	-1.5752787e-05
761.2641	0.30726805	-1.3025431e-05
760.63708	0.30787593	-1.1386047e-05
764.90997	0.3085888	-1.1953595e-05
766.17285	0.30923188	-9.9518102e-06
766.56982	0.30996197	-1.5060255e-05
765.72058	0.31059518	2.8861455e-06
766.37415	0.31133112	-9.8514138e-06
765.69476	0.31194159	-7.7169625e-06
765.98224	0.31253693	-4.1352118e-06
767.60779	0.31326911	-1.4434057e-05
765.7641	0.31392923	-5.7681932e-06
768.69604	0.31461945	-8.4937556e-06
767.86017	0.31531185	-9.3153676e-06
769.52332	0.31588739	6.8433582e-07
772.3233	0.3165794	-1.2631016e-05
773.32892	0.31723049	-6.8945809e-07
774.10693	0.31796721	-1.5118649e-05
773.03687	0.31861994	1.3750745e-06
774.97058	0.31921443	-9.4741581e-06
773.48248	0.3199085	-1.75233e-05
776.32349	0.32058707	-5.2692835e-06
776.38513	0.32126325	-2.6433497e-06
774.97607	0.32188401	7.7763807e-06
778.15826	0.32250905	-6.3861953e-06
778.78076	0.3232775	-1.4076522e-05
779.70074	0.32390478	-9.6575359e-06
780.18756	0.32456577	-1.9939222e-05
782.86176	0.32528138	-1.7443394e-05
781.41479	0.32593939	-1.0963972e-05
779.8028	0.3266657	-6.7652436e-06
783.84851	0.32723814	-5.0285366e-06
783.22156	0.32794747	-7.4680197e-06
783.20233	0.32859746	-8.304999e-06
784.18866	0.32930875	-1.3104314e-05
784.05481	0.32995063	-9.2272649e-06
786.38196	0.33060178	-3.0746451e-06
788.59259	0.33128375	-8.3390626e-07
789.96472	0.33193281	8.9742247e-07
786.14056	0.33271968	-1.0231487e-05
785.89484	0.33327526	-8.6638147e-06
789.25519	0.33391574	-5.8788341e-06
790.32709	0.33461726	-5.3799245e-06
790.59235	0.33532202	-8.7232329e-06
791.65027	0.33594701	-8.6382033e-06
790.42047	0.3365863	-1.3037725e-05
790.61737	0.33733204	-2.4558744e-06
793.70959	0.33793184	-2.8943412e-06
795.94794	0.33856505	-1.1432916e-06
793.71796	0.33932397	-1.1255942e-05
794.81946	0.33991051	-8.688402e-06
796.21954	0.34069982	-1.0239683e-05
794.49231	0.34132284	-9.1330148e-06
797.32513	0.3419058	-4.287856e-06
796.97168	0.3426156	4.3800569e-06
799.63464	0.34323531	-4.232535e-06
798.5683	0.34399346	1.578941e-06
804.13495	0.34456885	-9.2354603e-06
801.94427	0.34522083	3.0213735e-06
804.12817	0.34596875	-5.0684903e-06
804.13483	0.3465876	-9.1545289e-06
801.38251	0.34729707	-3.8347907e-06
803.26678	0.3479735	-1.5413692e-05
803.96527	0.34861359	-3.4454979e-06
806.68964	0.34924537	-7.6616416e-06
803.14349	0.34997061	-2.4835347e-06
804.84155	0.35065481	-1.3748697e-05
806.62115	0.35125169	-5.3440685e-06
805.2912	0.35194901	-9.5520172e-06
809.36035	0.35252774	-2.3226953e-06
811.44861	0.35328379	-6.7437304e-06
811.70465	0.35388634	-8.9691021e-06
808.90259	0.35465166	-6.511179e-06
808.87219	0.3551349	-9.379909e-06
811.69214	0.35591137	-1.3229298e-05
812.54211	0.35659108	-8.5736629e-06
816.11011	0.35725695	-1.5015179e-05
812.46338	0.35794893	-2.9394171e-06
810.16425	0.3586221	-1.328718e-06
814.02679	0.35928592	-7.7292561e-06
816.93713	0.359927	-5.8419537e-06
818.8512	0.36057779	-2.5911024e-06
818.07666	0.36131987	-9.1903848e-06
819.52545	0.36188883	-7.7610139e-06
818.32806	0.36261222	-1.3409602e-05
819.08746	0.36329541	-1.0884064e-05
820.86096	0.36403063	-2.4609967e-06
819.79901	0.36467391	-1.1472102e-05
819.54706	0.36530882	-1.8204562e-05
821.22632	0.36593276	4.6525615e-06
821.61505	0.36658111	-8.7078661e-06
822.43835	0.3673251	-1.2402563e-05
823.29871	0.36798328	-3.3294782e-07
824.99725	0.36856493	-7.0397978e-06
824.83038	0.36928481	-1.0430231e-05
823.7583	0.36992308	-1.1618598e-05
827.57153	0.37061635	-8.8932929e-06
826.64911	0.37127209	-1.1001876e-05
827.4917	0.37196511	-1.2335973e-05
825.76196	0.37263909	-7.1596587e-06
827.48889	0.37326625	7.2736293e-07
829.52893	0.37394452	-5.2733812e-06
834.75647	0.3745153	-1.0288856e-05
832.57971	0.37527287	2.8738521e-06
831.26154	0.37602925	-5.1647889e-06
833.77319	0.37671286	-4.5178459e-07
832.03186	0.37729296	-1.2168987e-05
836.07697	0.3779735	-5.8634673e-06
833.98346	0.37862891	-6.138021e-06
836.5246	0.37926677	-6.3124348e-06
834.80084	0.37988955	-2.5808579e-06
834.08435	0.38065314	-6.138021e-06
837.39935	0.38125974	-2.1188287e-06
839.6861	0.38191515	-6.8994473e-06
841.21179	0.38263422	-1.414516e-05
838.69733	0.38326031	-1.2211502e-06
838.34015	0.38393325	-1.2759073e-05
838.27069	0.38462341	-7.0175156e-07
842.24377	0.38523871	-5.4250008e-06
844.10962	0.38590673	-8.0417149e-06
842.8739	0.38663286	-6.5974893e-07
841.54626	0.38732329	-3.5274543e-06
842.65106	0.38791457	-1.3346085e-05
844.2937	0.38858181	-1.1751777e-05
848.73907	0.38923225	-1.2767268e-05
846.06616	0.38990951	-8.6187383e-06
846.8479	0.3905848	-7.2477619e-06
847.44379	0.39125076	-6.2888721e-06
847.9472	0.39192861	-9.1483817e-06
849.90375	0.39259592	-1.2405636e-05
847.31598	0.39327592	-5.8060978e-06
850.17987	0.3939597	-1.5143236e-05
849.7666	0.39458212	-5.9362037e-06
851.3642	0.39524835	-3.5069652e-06
852.98669	0.39592752	-2.1239509e-06
853.0517	0.39668107	-1.0769326e-05
853.92102	0.39721501	-1.3328157e-06
852.02521	0.39789718	-1.0933239e-05
852.92139	0.39862281	-3.8347907e-06
854.14709	0.39930296	-3.522332e-06
857.13147	0.3998749	-1.1043624e-06
857.26703	0.40062633	-1.5133759e-06
855.35205	0.40134934	-9.9261988e-06
857.08081	0.40194783	-7.4034792e-06
857.19861	0.40260029	-9.4639136e-06
860.16223	0.40319142	-9.949762e-06
861.02026	0.4039523	-6.5091299e-06
860.53552	0.40463048	-6.8410536e-06
862.62775	0.40529281	-3.9211009e-06
860.61926	0.40596431	-3.5254052e-06
864.41412	0.40659657	-9.1391621e-06
863.95306	0.40727904	-7.221126e-06
863.57056	0.40790671	-3.4178374e-06
864.70569	0.40861204	-9.4639136e-06
862.98138	0.4092699	-1.7623184e-06
865.78418	0.40981901	4.5306515e-06
865.81415	0.41063204	-3.5766279e-06
868.60254	0.41127348	-2.353429e-06
867.46155	0.41186044	-1.0249927e-05
868.36908	0.41257682	-2.5081215e-06
868.8382	0.41323087	5.9315937e-07
871.4176	0.41394016	-1.3843971e-05
871.8197	0.41460067	-4.840037e-06
871.37604	0.41525412	-1.7435197e-05
869.1106	0.41595832	-4.0973073e-06
871.16962	0.41658413	-8.306024e-06
871.8302	0.41719756	-2.0507794e-05
875.97089	0.41793698	-1.0238658e-05
874.2749	0.418639	-3.7180027e-06
874.30243	0.41932136	-6.7498768e-06
875.7168	0.42002666	-4.4917224e-06
875.57324	0.42053965	-1.7377315e-06
878.84705	0.42127794	-1.0611559e-05
875.33081	0.42196596	-1.0727323e-05
877.75537	0.42265093	-5.6124759e-06
876.92975	0.42328963	-1.210419e-05
876.01105	0.42398208	-6.3124348e-06
880.55859	0.4245953	3.9016363e-06
881.47382	0.4252466	-4.4988933e-06
883.50494	0.42591494	-8.3152436e-06
881.87195	0.42658213	-1.9354513e-06
883.53314	0.42728487	6.5562549e-06
882.32037	0.4279848	-1.0603364e-05
884.87103	0.42860711	-8.8072384e-06
885.83508	0.42929146	-4.475331e-06
884.64343	0.42987922	1.8729596e-06
887.388	0.43059736	-5.3102617e-06
887.27753	0.43130094	-1.2294995e-05
887.71497	0.43191445	-8.2732413e-06
889.20929	0.4326936	-4.5070892e-06
888.76068	0.43325239	-3.4598402e-06
890.46832	0.4338595	4.8456712e-07
888.72485	0.43464127	-4.4732819e-06
893.96942	0.43521073	-2.0163832e-06
892.09888	0.43591398	-8.4289586e-06
890.0033	0.43658873	-5.0408303e-06
890.60974	0.43733543	-6.8830559e-06
891.32233	0.4379473	-8.1277685e-06
893.44598	0.43867186	-1.2212014e-05
894.60547	0.43923691	-4.8482325e-06
896.95703	0.43992805	-8.8215811e-06
896.3266	0.44058338	-7.9577094e-06
894.65863	0.44127643	-5.7231168e-06
896.44293	0.4419145	-6.3216548e-06
899.00049	0.44268367	-4.3452251e-06
899.95209	0.44329083	-8.5214151e-06
900.38611	0.44397846	-2.853363e-06
899.3999	0.44459796	-7.2395665e-06
898.40546	0.44535509	-2.4200185e-06
899.3974	0.44597477	-8.9250507e-06
902.64398	0.44657293	-2.7191593e-06
901.02307	0.44720212	-7.0438955e-06
902.59662	0.44798696	-1.6695285e-05
903.97925	0.4486255	-1.1336873e-05
903.02136	0.44923079	-4.1946305e-06
906.83789	0.44991547	-1.1074357e-06
906.46484	0.45060235	-2.3431844e-06
906.09265	0.4512879	-1.0080636e-06
906.758	0.45196694	-6.6392358e-06
910.27765	0.45264912	-8.819532e-06
907.41479	0.45330897	-1.1556107e-05
908.57129	0.45392561	-9.8975142e-06
909.28015	0.45464158	-1.7284603e-05
908.37531	0.45524555	-2.7335016e-06
911.46753	0.45590991	-2.7335016e-06
911.20593	0.45660323	-3.7904829e-08
914.85236	0.45734727	-6.2056351e-06
913.00024	0.45792562	-3.7979103e-06
911.80542	0.45857385	-8.6996706e-06
913.42963	0.45932293	-2.0368467e-05
912.94385	0.46000886	-5.4424163e-06
915.75677	0.46057063	-1.0454818e-05
916.66516	0.46130162	-4.1270164e-06
914.30878	0.461862	-9.548944e-06
914.39484	0.46263576	-3.7682012e-06
914.36096	0.46326625	-2.6382274e-06
918.40393	0.46395412	-1.1589914e-05
922.08521	0.46462494	-2.7775532e-06
922.55719	0.46521634	4.2448287e-06
917.94525	0.46592528	-1.1053099e-05
916.39197	0.46657464	-1.1034659e-05
920.90118	0.46726644	-1.0555214e-05
922.26477	0.46790501	-1.7951011e-06
923.97906	0.46862477	-2.5060726e-06
923.71167	0.46926406	-1.8121582e-05
925.10913	0.46987647	2.6738272e-07
920.97015	0.47059894	-1.6438147e-05
923.96051	0.47129157	-5.9157146e-06
926.91724	0.47197619	-1.7179083e-05
925.0882	0.47265887	-1.7443394e-05
926.21741	0.47328773	-8.4517524e-06
926.64642	0.47397175	-1.1031586e-05
926.78857	0.47459123	-1.2437394e-05
928.80237	0.47526139	-7.4874843e-06
928.56537	0.47604039	-1.34598e-05
927.81317	0.47656509	-5.3681435e-07
929.16095	0.47727865	-1.0123919e-05
931.93768	0.47790673	-6.2612121e-06
933.00958	0.47865623	-6.7119722e-06
931.39508	0.47927824	-1.8074457e-05
933.75543	0.47987896	5.5335927e-06
932.19806	0.48056546	-4.7160779e-06
935.82959	0.48120522	-1.6500639e-05
935.97882	0.48195025	-7.7722825e-06
938.60663	0.48269328	-1.0315492e-05
935.43231	0.48326883	-3.5674079e-06
934.34363	0.48389706	2.7017436e-06
936.85828	0.48466697	-2.1044864e-06
935.29266	0.48522851	-1.1268235e-05
940.53021	0.48592898	-3.9764213e-06
939.4151	0.48659077	-8.9219775e-06
939.80811	0.48736212	-1.1477224e-05
937.90924	0.48790705	5.808659e-07
937.32037	0.48865089	-6.4540657e-08
940.97955	0.48927918	-1.7448516e-05
944.05933	0.48990813	-8.3951518e-06
945.80096	0.49053144	-1.1158619e-05
940.96185	0.49129096	-1.4863559e-05
941.29956	0.49205047	-1.6865344e-05
942.47229	0.49259117	-1.234212e-05
945.49194	0.49328357	-2.1731248e-06
947.97797	0.49393642	-1.1466979e-05
945.17914	0.49462503	-2.220967e-05
949.00336	0.49534741	-8.7908475e-06
946.30896	0.49592277	-6.7949532e-06
946.59662	0.49664643	1.4957041e-07
949.4801	0.49727872	-7.8091634e-06
947.38409	0.49796712	-1.5029521e-05
949.099	0.49859855	-7.296936e-06
949.12549	0.49924764	-9.8411692e-06
952.53577	0.49990693	-1.2733462e-05
952.93225	0.50052351	-2.4394831e-06
953.49719	0.50123715	-1.0956801e-05
951.38373	0.50194025	-7.2180528e-06
952.6781	0.50257868	-1.2367731e-05
957.00983	0.50328612	-1.7869054e-06
954.18549	0.50390732	-1.3955636e-05
953.98859	0.50458699	-1.013109e-05
954.11713	0.50526237	-1.2272969e-06
953.56152	0.50595123	-1.7928984e-05
953.20691	0.50657392	-2.0553125e-06
956.40869	0.50724095	4.1695313e-07
959.23096	0.50792903	-6.2724807e-06
959.46796	0.50857395	-2.3134751e-06
957.84418	0.50932175	-8.7847002e-06
960.08447	0.50996137	2.8595096e-06
958.21527	0.51056492	-1.4297804e-05
962.53448	0.51125902	-9.8053133e-06
962.28296	0.51186782	-1.2849225e-05
962.89465	0.51263589	-6.9445232e-06
962.98352	0.51334536	-3.6124839e-06
959.01263	0.51387918	-1.2145424e-05
964.56982	0.51461744	-1.1309213e-05
964.77985	0.51526481	-1.6287551e-05
968.00024	0.5159288	-1.214107e-05
965.28546	0.51660591	-1.3316377e-05
967.87109	0.51725215	-4.4640619e-06
967.79321	0.5179202	-9.4874767e-06
968.1532	0.51856279	-3.2488024e-06
968.86188	0.51935983	-2.157758e-06
966.91132	0.52005798	-4.718127e-06
968.19226	0.5206362	-6.5565109e-07
967.57318	0.52125269	-1.2347242e-05
968.77411	0.52194357	-5.4137317e-06
970.72754	0.52271295	1.817639e-06
969.64508	0.52338839	-7.0182841e-06
972.84265	0.52401537	-1.3098168e-05
973.28247	0.52464134	-4.8830639e-06
972.3476	0.5252592	-1.0634098e-05
975.5567	0.52595723	-1.4493475e-05
971.22485	0.52659196	-1.7789658e-05
973.17285	0.52726865	-3.6421932e-06
972.8891	0.52791864	-4.092185e-06
974.68152	0.52860266	-2.006113e-05
976.86633	0.52922672	-1.9631116e-06
976.44781	0.52991724	-1.0516285e-05
976.11316	0.53059357	-3.5499922e-06
976.18219	0.53126931	-1.0408718e-05
977.81824	0.53191352	-7.7517934e-06
981.45905	0.53266835	-4.15775e-06
982.07886	0.53326249	-1.8330059e-06
981.41168	0.53399187	-1.0464038e-05
980.091	0.53461963	-1.136351e-05
981.10339	0.53527033	-9.2231667e-06
979.43231	0.53593194	-4.287856e-06
982.97003	0.53663099	-6.2363688e-06
983.1214	0.53726631	-1.5611411e-05
982.0224	0.53795165	-7.3696719e-06
982.55762	0.53859347	-9.0131534e-06
981.75159	0.53926778	-4.9875584e-06
986.32635	0.53991866	-7.5120715e-06
986.26453	0.54059958	2.1680025e-06
987.58337	0.54124087	7.8473244e-07
985.73145	0.54194558	-9.3952758e-06
982.77911	0.54264617	3.8299245e-06
987.59576	0.54323977	-6.4540654e-07
988.07111	0.54396123	-3.0244469e-06
989.43024	0.54464877	5.1222742e-09
986.74078	0.54523939	-1.1750753e-05
989.40765	0.54591864	1.7233892e-06
991.22546	0.54659301	2.1219021e-06
993.11804	0.54727483	-6.6884095e-06
990.50964	0.54790837	-1.1700555e-05
989.14233	0.54870784	-1.3144268e-05
990.21643	0.5492419	-7.5960766e-06
992.6781	0.54995406	3.5246369e-06
995.58722	0.55060637	-3.8511821e-06
993.20416	0.55128533	6.6156736e-06
992.95319	0.55196363	-1.4879951e-05
993.12396	0.55264509	-2.7662843e-06
992.52454	0.55327451	-1.3635494e-06
999.2088	0.5538702	-2.4169451e-06
997.38159	0.55461568	-6.2919457e-06
996.82861	0.5552038	-2.7150616e-06
996.24701	0.55591875	-2.5470508e-06
993.11572	0.55661875	-9.8841965e-06
996.01849	0.55722767	-8.8779261e-06
999.35864	0.55799997	-2.826727e-06
1000.2651	0.55864382	-1.2036576e-05
998.22931	0.55923587	-1.0095234e-05
999.12323	0.55998164	-1.6426877e-05
1000.7869	0.56050348	-1.4354149e-05
1000.7713	0.56130755	-1.5318161e-06
1002.7917	0.56189817	-6.9814037e-06
1002.9101	0.56258863	-8.8502657e-06
1001.3449	0.5632723	-8.0663012e-06
1000.8513	0.56400776	-1.0808255e-05
1002.4147	0.56459862	-3.4352533e-06
1002.7653	0.56527466	-1.137068e-05
1001.6879	0.5660522	-3.9190522e-06
1002.3868	0.56657821	-1.2466079e-05
1003.2616	0.56721163	-7.4785203e-07
1003.705	0.56793988	-8.3726136e-06
1008.6428	0.5685612	-1.5810156e-05
1006.0339	0.56930727	-4.1546768e-06
1008.0313	0.56983638	-1.9357331e-05
1004.2133	0.57059091	-1.1845003e-05
1004.602	0.57125384	-6.1492901e-06
1008.2324	0.57196569	2.0747773e-06
1009.515	0.57257199	-5.204743e-06
1006.9009	0.57317835	9.2405827e-07
1004.267	0.57398444	-8.231239e-06
1007.5505	0.5745759	-5.7231168e-06
1008.5346	0.5752722	-2.8318493e-06
1013.0942	0.5758819	-1.005733e-05
1010.8478	0.57661074	-1.270785e-05
1011.1923	0.57726169	-1.2963964e-05
1008.8763	0.57793224	4.5521651e-06
1010.6743	0.57862151	-9.9794706e-06
1015.2734	0.57922548	-1.0201778e-05
1012.1957	0.57994378	1.1896482e-06
1011.7375	0.58056766	-7.5755875e-06
1011.5643	0.58124435	-2.8502895e-06
1010.9663	0.58197331	-1.9359379e-05
1012.2053	0.58260936	-1.8842286e-06
1013.6492	0.58325595	-1.8442748e-06
1016.7776	0.58396822	-1.3926951e-05
1014.3538	0.58463919	-1.2911717e-05
1013.2002	0.58530349	-1.062795e-05
1014.4249	0.58586192	-8.7908475e-06
1012.226	0.58658266	-1.90984e-06
1015.8186	0.58726984	-8.5634183e-06
1014.5759	0.58791411	-1.1227256e-05
1014.0051	0.58866912	6.01355e-07
1015.8053	0.5891971	-1.0344177e-05
1016.5066	0.5899446	-1.0202802e-05
1016.543	0.590608	-4.5076014e-08
1017.1238	0.59121168	-7.9495139e-06
1019.1219	0.59196854	-1.3485412e-05
1016.7457	0.59256792	-8.3828581e-06
1019.3755	0.59325325	-1.065766e-05
1020.0977	0.59396398	-1.0400522e-05
1018.5665	0.59459621	3.8621948e-07
1018.9952	0.59526515	-3.6985382e-06
1017.6674	0.59600437	-5.4454899e-06
1015.8278	0.59659529	-6.6179786e-07
1020.3325	0.597269	-4.8328657e-06
1022.6321	0.59795862	-1.8043211e-06
1022.9465	0.59853709	-1.4188187e-05
1018.0292	0.59934175	-3.5356497e-06
1019.3181	0.59992903	-1.5409594e-05
1019.4561	0.60060757	-2.4548499e-06
1022.7861	0.60128212	-8.3295863e-06
1021.8906	0.6019389	-1.0752934e-05
1018.4785	0.6025905	-3.2170444e-06
1020.6345	0.6032781	-4.0481332e-06
1017.6035	0.60396785	-1.3492071e-06
1021.9485	0.60462046	-7.2180528e-06
1022.5166	0.60528755	-3.3143676e-06
1023.7825	0.60594982	-1.9119401e-05
1023.2746	0.6066764	-1.3125828e-05
1020.6642	0.60725939	-8.9772975e-06
1020.8531	0.60794181	-7.0910205e-06
1021.4811	0.60860175	-8.9772975e-06
1021.8303	0.60923731	-1.2136973e-05
1020.8417	0.60991305	-5.0981994e-06
1020.3843	0.61056119	-7.4967047e-06
1023.3583	0.61125529	-2.8953655e-06
1021.2903	0.61203074	4.2079482e-06
1023.1112	0.61266422	-1.1024415e-05
1022.9803	0.61330009	1.7848565e-06
1020.7488	0.61392313	-2.0706793e-06
1021.2407	0.61463451	-1.1233404e-05
1021.3985	0.61526173	-5.1125421e-06
1022.2976	0.61592114	-1.3501803e-05
1017.4812	0.61660647	-5.6964814e-06
1018.0626	0.61727577	-3.3604681e-06
1016.1137	0.61803526	-1.3917732e-05
1014.1343	0.61866415	-1.1171936e-05
1020.1759	0.61920357	-1.2777513e-05
1017.8383	0.61998558	-6.202562e-06
1016.998	0.62058729	1.4385907e-06
1015.107	0.62132466	-5.3071885e-06
1016.295	0.6219154	-8.4084695e-06
1015.3458	0.6225642	-1.3247738e-05
1013.028	0.62330729	-1.2614625e-05
1008.8118	0.62406039	-3.7815189e-06
1005.3858	0.62464577	-5.520275e-06
1000.4259	0.62528777	-2.14444e-06
1001.6746	0.62595147	-8.9291489e-06
999.6546	0.62661833	-2.7119881e-06
1000.4739	0.62725449	2.7455391e-07
996.97961	0.62798119	-1.5802985e-05
992.66302	0.62871653	-1.7766097e-05
984.578	0.62934452	-8.6433256e-06
981.3808	0.62996441	-2.9196963e-07
966.4436	0.63083553	-8.950662e-06
943.47949	0.63145721	-4.7130047e-06
872.83636	0.6324181	-1.0162593e-06
12.901999	0.63712519	-2.6812545e-06
12.603765	0.63651991	-9.173993e-06
12.602152	0.63622242	-3.0244469e-06
12.106028	0.63625395	-9.2887321e-06
12.283787	0.63646841	-8.705817e-06
12.392344	0.63674301	1.524645e-06
11.869778	0.63720798	2.5918709e-07
12.107485	0.63767248	-1.4135941e-05
12.106995	0.63820773	-3.8347907e-06
12.17058	0.63878042	-7.1238028e-06
12.11119	0.63946807	-1.1045929e-05
12.129395	0.64005613	-1.0889186e-05
12.069752	0.64065361	-1.0231487e-05
11.736681	0.64135569	3.9579813e-06
11.934433	0.6416502	6.0010002e-06
