MTS793|MPT|ENU|1|2|.|/|:|1|0|0|A

Data Acquisition						Time:	80.570313	s	10/2/2026 2:56:53 PM
Axial Force	Axial Displacement	Axial Strain
lbf	in	in/in
-57.748455	0.00060449087	2.826727e-06
-31.868988	0.0011514832	-3.6875253e-06
-4.788558	0.0017579384	-3.3217948e-06
21.879414	0.0024296097	3.6186307e-06
53.193672	0.0029472334	-5.5072132e-06
69.083504	0.0037106723	-6.5636823e-06
85.853409	0.0043228022	-6.2151116e-06
109.54762	0.0050549046	-5.6772728e-06
134.71358	0.0056881704	-6.6261741e-06
166.27225	0.0063370802	-3.6742074e-06
191.29568	0.0069516059	2.4169451e-06
214.36118	0.0076445807	-3.0295691e-06
241.54456	0.0082929339	-1.0159775e-05
273.521	0.008917666	-1.3351208e-06
298.90698	0.0095670754	-9.1056108e-06
317.27704	0.010315206	-1.0456867e-05
349.65112	0.011028349	-1.0017376e-05
370.43997	0.011640301	-1.999992e-06
393.63251	0.012277698	9.1074037e-07
426.53812	0.01293395	2.396456e-06
449.67282	0.013649464	-5.3648141e-06
478.76498	0.014305892	-4.6105592e-06
498.3945	0.014984983	1.4629215e-06
528.72052	0.015632698	-7.389393e-06
551.01105	0.016324488	-1.5072292e-06
576.23596	0.016977085	-1.1709007e-05
609.745	0.017664218	-5.5184823e-06
625.9425	0.018326696	-7.137377e-06
648.82709	0.018946972	-1.9006198e-06
676.26508	0.0196485	-1.0226621e-06
701.69037	0.020283453	5.7569241e-06
729.61359	0.021068525	-1.2409734e-05
752.03943	0.021615343	2.3339642e-06
776.08948	0.022321094	-5.5881451e-06
801.16235	0.023016304	-1.9938452e-06
835.20514	0.023649853	-3.6260581e-06
854.92346	0.024338638	2.148538e-06
882.14716	0.024942411	-6.3646821e-06
900.18726	0.02573126	-4.5076014e-08
923.80713	0.026329253	-2.335757e-07
949.19861	0.02711661	1.020357e-06
965.68616	0.027650261	5.9454237e-06
1000.9145	0.028288817	-9.7110633e-06
1018.2918	0.029006682	7.1483901e-06
1037.2371	0.029669266	-6.8997033e-06
1064.9745	0.030326074	-5.5994142e-06
1083.2653	0.031045631	-5.808659e-07
1106.735	0.031788986	-4.315516e-06
1128.8311	0.03227089	-1.3390138e-05
1142.0603	0.03299715	2.5070972e-06
1163.7765	0.033746127	3.995374e-08
1178.2256	0.034363762	7.8883026e-08
1205.8912	0.035023298	-5.8217206e-06
1221.5502	0.035651576	-2.2970839e-06
1240.9608	0.036402032	-1.3955636e-06
1255.6145	0.037060395	-1.3904413e-06
1271.4707	0.037707653	-7.6721426e-06
1293.5411	0.038335375	1.3164245e-06
1307.0721	0.039005391	-9.8596092e-06
1329.6978	0.039761439	-2.2909371e-06
1335.6111	0.040483281	-1.2080884e-06
1359.5897	0.040991019	-1.2292946e-05
1372.7074	0.04177076	6.7716468e-07
1388.8992	0.042426933	7.2825933e-06
1405.1257	0.043101478	-2.3144996e-06
1412.6163	0.043854702	6.8945809e-07
1428.766	0.044520609	-8.6300079e-06
1435.7076	0.045133669	7.8450194e-06
1455.1145	0.04571582	7.1207296e-06
1469.278	0.046434928	3.5581879e-06
1475.1444	0.047098514	-5.2154996e-06
1493.2913	0.047750384	-1.6547507e-06
1504.5166	0.048431098	9.6544627e-06
1522.7672	0.049129296	-2.6300318e-06
1531.2391	0.049792893	2.045068e-06
1544.1056	0.050447822	4.4394751e-06
1549.4131	0.051134016	-6.3278017e-06
1561.3053	0.051820014	5.9464483e-06
1580.0823	0.052554086	2.1772228e-06
1588.3535	0.053150456	-6.7024956e-07
1601.3942	0.05376146	-2.5918709e-07
1615.0601	0.054431271	-9.8821474e-06
1622.0074	0.055146325	-2.1977119e-06
1637.9037	0.055806786	-5.9958779e-06
1653.6647	0.056406852	6.5872445e-07
1666.2842	0.057170715	7.4170532e-07
1673.2754	0.057829563	4.7918875e-06
1684.2617	0.058462679	-2.8984389e-06
1695.8357	0.059151277	2.9250748e-06
1703.5785	0.059838921	-1.073347e-05
1724.567	0.060442835	-6.4486871e-06
1735.5397	0.061125685	3.6698534e-06
1743.3732	0.061842907	3.1217701e-06
1752.9879	0.062479857	-1.3860618e-05
1763.9069	0.063089535	-2.7970179e-06
1779.4302	0.063775659	1.3420359e-07
1785.3099	0.064531878	-6.6271987e-06
1803.9822	0.065112174	-1.8135412e-06
1807.4922	0.065822639	1.0357238e-06
1816.6248	0.066550203	2.236641e-06
1836.2223	0.067147262	9.6985141e-06
1844.8854	0.06783554	9.1473576e-06
1861.3357	0.068454146	2.3698201e-06
1866.0371	0.069195896	-1.1997903e-05
1885.4347	0.069828279	-2.8707786e-06
1890.6571	0.07046818	1.8268591e-06
1906.256	0.071073867	-7.4867162e-06
1920.3623	0.071752481	-9.8042892e-06
1925.0687	0.072575107	-1.7005951e-07
1936.2867	0.07314565	3.6985382e-06
1950.5309	0.073795944	4.1592867e-07
1963.7404	0.074427404	2.5900779e-06
1975.0375	0.07514254	-4.7375916e-06
1991.6331	0.075767927	-1.6475796e-06
1998.9591	0.076475382	-8.23969e-06
2008.8059	0.077082835	9.511039e-06
2027.6157	0.077730022	7.0994719e-07
2035.9148	0.078511506	-3.2490586e-06
2045.2186	0.079161339	-1.6332372e-06
2053.7617	0.079891473	-6.3226794e-06
2061.9387	0.080451712	-7.3852952e-06
2080.7173	0.081103392	-3.9241745e-06
2086.4482	0.081780717	-1.4214055e-05
2109.718	0.082418337	-1.2836932e-05
2116.1594	0.083195373	-3.885245e-06
2115.8005	0.083826572	-5.7940606e-06
2136.5781	0.084430233	-1.4061411e-05
2145.8799	0.08516755	1.7405488e-06
2166.0037	0.085744865	-1.8261931e-05
2176.8972	0.086394377	-7.9712836e-06
2182.8755	0.087136939	-2.261228e-06
2191.8955	0.087762095	-1.3389113e-05
2202.6084	0.088421866	4.8195479e-06
2222.2456	0.089175001	3.923918e-06
2228.7383	0.08977136	3.9106003e-06
2244.114	0.09041179	-6.4445894e-06
2256.2546	0.091114543	1.20271e-06
2263.4978	0.09179461	-1.3475167e-05
2280.0828	0.09244369	-1.9976869e-07
2291.2637	0.093177527	5.3696799e-06
2305.2566	0.093837664	-9.4190937e-06
2308.0588	0.09450157	-5.1120298e-07
2319.4368	0.095096	-7.9333786e-06
2334.5547	0.095848471	4.8861375e-06
2340.5425	0.096449174	-4.5818742e-06
2357.8333	0.097183272	1.1125579e-06
2369.1243	0.097710103	-1.37405e-06
2378.22	0.098382123	-2.6505209e-06
2394.5325	0.099122666	1.4895573e-06
2412.2595	0.099774554	-3.8432422e-06
2422.1216	0.10037766	-8.4763396e-06
2431.0327	0.10110375	-1.6259122e-05
2442.6995	0.10170817	-5.007023e-06
2449.9426	0.10247679	-7.1599152e-06
2455.9189	0.10312536	-3.0528756e-07
2479.2424	0.10370663	-9.5553469e-06
2486.6572	0.10451466	-3.5010744e-06
2498.366	0.10513785	-4.9967784e-06
2507.77	0.10578129	-9.8637074e-06
2530.02	0.10640285	1.2498861e-05
31.116011	0.11591857	9.4751831e-06
