MTS793|MPT|ENU|1|2|.|/|:|1|0|0|A

Data Acquisition						Time:	403.2959	s	10/2/2026 3:48:57 PM
Axial Force	Axial Displacement	Axial Strain
lbf	in	in/in
1.8288139	0.00056165131	-1.365752e-05
4.2363515	0.0012580547	-1.180172e-05
6.0366707	0.0019573944	-7.5725143e-06
8.3288488	0.0025570835	-7.5919788e-06
10.213955	0.0032827544	-1.6079588e-05
12.981013	0.0039145527	-6.3767193e-06
15.135818	0.0046357731	-2.6413006e-06
16.929024	0.0052437792	-1.4456595e-05
20.341799	0.0059570032	-1.4355173e-05
21.904638	0.006583292	-1.5210593e-05
24.415659	0.0072176396	-9.6472913e-06
26.355055	0.0079527181	-1.7609098e-05
28.636934	0.0085601769	-1.6483222e-05
31.687948	0.0092628244	-1.5389873e-05
33.282295	0.0099181086	-1.2587733e-05
35.829746	0.010568418	-9.2864275e-06
38.29718	0.01131852	-1.483257e-05
41.471432	0.011856647	-1.5580677e-05
44.109379	0.012618236	-1.2750621e-05
46.827198	0.013259876	-1.1599902e-05
48.747307	0.013947921	-6.4586757e-06
51.655006	0.014632916	-7.1051068e-06
53.644257	0.015258946	-1.244226e-05
56.040138	0.015921088	-1.6919641e-05
58.739254	0.016571989	-4.8994552e-06
61.101887	0.017320065	-2.9824441e-06
62.84029	0.017919471	-4.887162e-06
66.385887	0.018587228	-1.4682999e-05
68.676781	0.019260082	-1.321598e-05
71.773003	0.019962365	-9.92287e-06
74.450706	0.020550888	-9.3929702e-06
75.821701	0.021285631	-1.0190252e-05
78.287277	0.021992521	-1.5419839e-05
79.597733	0.022682298	-2.9004877e-06
82.894371	0.023232259	-1.1431892e-05
84.795441	0.023908842	-1.0703504e-05
86.576996	0.024615977	5.831709e-07
89.015587	0.02528712	-3.7436141e-06
91.254265	0.025950944	-1.3446483e-05
94.433701	0.026622273	-9.8880382e-06
96.677338	0.027259495	-7.0395417e-06
99.521271	0.028065955	-1.4862278e-05
100.55251	0.028600296	-6.3552056e-06
103.46814	0.029264253	-8.1164999e-06
105.68653	0.029926999	-3.3112942e-06
107.61327	0.030662948	-6.0898719e-06
110.40577	0.031298812	-1.815334e-05
112.38987	0.031929724	-1.3081776e-05
114.33108	0.03259192	-9.772275e-06
116.46758	0.033241451	-7.727207e-06
119.14257	0.033950035	-1.0172836e-05
122.26045	0.034589771	-6.5713657e-06
124.11996	0.035362221	-5.0705394e-06
126.31819	0.035966445	-4.1892522e-06
128.12793	0.036594514	-2.0084437e-05
130.44942	0.037255175	-2.1092757e-05
133.10754	0.037961368	-5.7620464e-06
135.06604	0.038594168	-5.7282391e-06
136.75691	0.039193172	-9.8296441e-06
138.95796	0.039938767	-6.6020993e-06
142.44299	0.040644709	-8.3664663e-06
143.95421	0.041242551	-1.3966905e-05
146.7005	0.041872066	-1.5814254e-05
148.64787	0.042626482	-1.4736271e-05
150.2515	0.043329723	-6.8500176e-06
153.17027	0.043951269	-1.2860238e-05
155.30388	0.044547729	-9.4677553e-06
157.83949	0.045316912	-1.061745e-05
159.14641	0.045929484	-5.6380873e-06
160.59129	0.04663197	-5.7313127e-06
163.23555	0.047307774	-5.9638637e-06
165.10051	0.048019771	-5.2149876e-06
168.12761	0.048618007	-1.4831545e-05
169.99097	0.04929674	-7.5417806e-06
171.85312	0.050003354	-1.4569285e-05
173.53671	0.050607644	-5.9782064e-06
175.36284	0.051319629	-1.6386924e-05
178.26566	0.051954459	-6.9114849e-06
179.67674	0.052642964	-1.1540484e-05
182.72226	0.053339727	-2.6658877e-06
183.72505	0.05399527	-6.4269175e-06
185.24654	0.054698918	-1.1412427e-05
188.27435	0.055262677	-9.0057265e-06
189.50418	0.055956859	-1.4134916e-05
192.42635	0.056608379	-7.6852039e-06
193.23033	0.05726428	-7.6472998e-06
195.61565	0.057945881	-1.0140054e-05
197.02988	0.058693301	-1.0089856e-05
198.2791	0.05922899	-5.880371e-07
200.93999	0.059988029	-1.2839749e-05
202.61372	0.060616914	-4.0796353e-06
204.49307	0.061369661	-8.5949205e-06
206.69066	0.061971027	-7.9423426e-06
208.32819	0.062611304	3.2705722e-07
210.10104	0.063273482	-7.6800816e-06
212.33708	0.0638723	-9.977166e-06
213.51079	0.064643055	-3.1586505e-06
214.97272	0.065288767	-1.2871507e-05
217.60385	0.065987654	-1.1069234e-05
218.91046	0.066641204	-2.1933579e-06
219.4908	0.06726484	-9.0446556e-06
221.40245	0.068015821	-8.1267444e-06
222.79366	0.068589143	-9.6882695e-06
224.6209	0.069274656	-1.8040651e-06
226.20602	0.069955871	-8.1390381e-06
228.32837	0.070594162	-4.0786108e-06
229.59351	0.071304806	-8.2537763e-06
230.05124	0.07191889	-5.9146901e-06
232.56602	0.072640911	-6.4822379e-06
233.53831	0.073337309	-3.6964893e-06
235.39116	0.07394474	-1.1598878e-05
236.82909	0.074641347	-1.8746499e-05
237.37865	0.075261198	-1.0036584e-05
238.81448	0.075924315	-1.1179875e-05
240.13139	0.076641671	-5.0059984e-06
242.12779	0.077239022	-1.2601051e-05
243.77182	0.077967443	-2.3585512e-06
244.95552	0.078661524	5.8995793e-06
245.87274	0.079347007	-1.198228e-05
246.41005	0.079940699	-4.9045775e-06
247.56998	0.080658771	-6.2189533e-06
248.99731	0.081293955	-1.1315104e-05
250.41156	0.08198306	-5.9474728e-06
251.04692	0.082689099	-9.5786527e-06
251.5992	0.08328227	-4.1718363e-06
252.90791	0.08395607	6.7537184e-07
253.66599	0.084632494	-1.6547763e-05
255.24226	0.085343622	-8.6512655e-06
255.6299	0.085986815	-7.4249929e-06
256.68561	0.086577483	-1.1225976e-05
256.86761	0.087320551	-1.0932982e-05
258.39804	0.087961167	-1.3476191e-05
258.90765	0.088614419	-6.3295943e-06
258.7952	0.089337938	-9.032362e-06
259.66962	0.089970976	-1.3862411e-05
259.59537	0.090631992	-9.8634509e-06
260.93524	0.091247894	-5.9792305e-06
261.65454	0.091978677	-1.1637807e-06
261.74573	0.092681281	5.8393926e-08
261.56104	0.093406036	-2.8318493e-06
261.88556	0.093934812	-1.0256842e-05
262.8963	0.094644532	-5.0223898e-06
262.98605	0.095333122	-9.3243316e-06
263.18124	0.095930822	-1.4693243e-05
263.24609	0.096702151	-4.5867405e-06
262.43732	0.097298175	-1.1379644e-05
263.38318	0.097933829	3.567664e-06
263.18347	0.09861479	1.3381941e-06
263.42288	0.099283747	-3.2826094e-06
263.38947	0.099962547	-6.0550406e-06
262.9404	0.10069309	-3.7343941e-06
263.67639	0.10138053	-4.3132109e-06
263.17947	0.10195147	-2.5204151e-06
264.17776	0.10272332	-4.0509508e-06
263.71442	0.10330401	-1.167981e-05
263.53625	0.10401136	-1.219844e-05
262.90878	0.10457522	-1.5400117e-05
262.9176	0.10528767	-2.909708e-06
263.02606	0.10593468	-2.5242312e-05
262.75677	0.10664293	-1.1761766e-05
262.82617	0.10728107	-4.7703738e-06
261.98816	0.10799011	-1.3102778e-06
261.91138	0.10870531	-1.5963824e-05
262.30746	0.10933237	-1.0235329e-05
261.97449	0.10998028	-1.4229166e-05
262.03885	0.11070155	-1.352639e-05
261.1394	0.11134237	-8.1626004e-06
260.75491	0.11193915	-3.0357157e-06
261.19608	0.11266661	-2.3183413e-06
260.79373	0.11331106	-2.4022955e-05
261.37607	0.11397557	-1.0627695e-05
260.64221	0.11477276	-1.1843723e-05
259.7912	0.1153123	-5.4239763e-06
260.3775	0.11596917	-1.018513e-05
260.64975	0.11660811	-5.9054701e-06
260.29254	0.11732426	-2.2169204e-06
260.01801	0.11799736	-1.9024126e-05
259.78247	0.1186526	-4.4668791e-06
259.19415	0.11932067	-1.4699391e-05
259.49396	0.11995493	-1.8921681e-06
259.55472	0.12061112	-7.2334196e-06
259.16461	0.12130325	-5.9095678e-06
259.20868	0.12196352	-1.029782e-05
259.06815	0.12261318	-7.1811724e-06
259.10605	0.12335276	-4.4310232e-06
258.8063	0.12400552	-1.1575316e-05
258.83432	0.12464934	-6.8571885e-06
258.76489	0.12529844	-1.8832554e-05
258.0593	0.12606744	-2.2722409e-06
258.4541	0.12665877	-1.7267956e-05
258.36197	0.12738843	-2.4087494e-06
258.39206	0.12799208	-8.5016945e-06
257.91046	0.12865527	-7.7722825e-06
257.5405	0.12933186	-1.1356082e-05
257.44861	0.12994137	-4.0294372e-06
257.00757	0.13063209	-1.2452505e-05
257.98999	0.13128531	-5.3051394e-06
257.36951	0.1319952	-3.4168131e-06
257.20526	0.13261291	-5.9618151e-06
256.5867	0.13332413	-8.5129641e-06
256.54276	0.13401338	-4.4638059e-06
257.00327	0.13467683	-1.1166558e-06
257.24652	0.13532464	-5.9802551e-06
257.31677	0.13598268	1.9695145e-07
256.08606	0.13662566	-1.0610279e-05
255.70343	0.13729616	-1.1510775e-05
257.02045	0.13798955	-7.1719523e-06
256.41599	0.13872182	-4.0734885e-06
257.02286	0.13935135	-1.6805925e-05
256.33347	0.13996285	-4.2025699e-06
256.07925	0.14064248	-5.4608568e-06
256.06155	0.14127126	-1.5889038e-05
256.09445	0.14196169	-8.9258192e-06
256.21442	0.14262664	-1.1662394e-05
255.55623	0.14331746	-1.1819136e-05
255.63301	0.14400081	-4.40951e-06
255.28676	0.1445815	-1.3860874e-06
255.06122	0.14535201	-1.2830529e-05
255.72452	0.14602581	-1.1984329e-05
255.68483	0.14667711	-6.4238443e-06
255.28595	0.14727804	5.240855e-06
254.873	0.14801733	-8.4412522e-06
255.7598	0.14864343	-4.390045e-06
254.76407	0.14934479	-9.9372123e-08
254.08476	0.14994605	-9.0559251e-06
254.94624	0.15070225	-1.452677e-06
254.10423	0.15130721	-3.166846e-06
254.28036	0.15197617	-4.9916562e-06
254.44606	0.15265357	-2.4773879e-06
255.2021	0.15334088	-9.7384682e-06
254.59636	0.1539726	-8.9053301e-06
253.9727	0.15467624	-4.8451593e-06
254.46579	0.155329	-5.5438372e-06
253.82762	0.15591136	-1.675163e-05
254.06439	0.15670778	-8.8325933e-06
254.35872	0.15731961	4.5134921e-06
254.01259	0.15794437	-7.5694406e-06
253.59267	0.1586744	-3.1381612e-06
253.12631	0.15926103	-1.6776217e-05
253.9492	0.16000941	-9.3284298e-06
253.82741	0.16063149	-3.3604681e-06
254.41891	0.16141284	-1.4226092e-05
253.33553	0.16192068	-1.121778e-06
252.68318	0.16272885	-1.123622e-05
253.63667	0.16332389	-1.0069367e-05
253.56935	0.1639818	-6.3879884e-06
253.7141	0.16459365	-1.3548928e-05
253.20842	0.16543245	-9.4329243e-06
253.2473	0.16597335	5.502091e-06
252.76891	0.16664833	-5.7425818e-06
252.58812	0.16729867	-3.4680359e-06
253.33098	0.16807939	-6.0673337e-06
252.8903	0.16867101	-1.5990459e-05
252.95149	0.16936828	-1.0129809e-05
252.71962	0.16999936	-3.6790734e-06
252.29387	0.1705983	-8.7926401e-06
252.31528	0.17128518	-1.4101109e-05
252.65697	0.17203578	-9.9177478e-06
252.53716	0.17262545	-7.5991502e-06
252.43359	0.17330465	-1.526489e-05
252.01718	0.17395978	-7.9269757e-06
252.4962	0.17467588	-4.6645991e-06
251.74036	0.17537905	-1.1391938e-05
252.32286	0.17595769	6.9688542e-07
251.89046	0.17667149	-6.1595347e-06
251.66917	0.17726292	-1.3208809e-05
252.24104	0.17797557	-1.2738328e-05
253.03267	0.17866743	-6.4433088e-06
252.18764	0.179322	-5.3430444e-06
251.34908	0.18002141	-1.1616294e-05
251.69087	0.18070737	-8.5436977e-06
251.17215	0.18130276	-7.2129305e-06
252.16547	0.18197607	-9.6657313e-06
251.81163	0.18261904	-1.5295111e-06
251.41087	0.18343911	-7.6219442e-07
251.15312	0.18399368	-1.0454562e-05
250.99937	0.18472204	-1.0273233e-05
251.76743	0.18529654	-8.5447218e-06
251.30293	0.18599039	-1.4121598e-05
251.73129	0.18672529	-2.8113602e-06
251.70468	0.18732856	-1.1248514e-05
251.13474	0.18803377	-6.754743e-06
251.19269	0.18866961	-4.4689282e-06
251.44194	0.18934825	-1.797611e-05
251.40576	0.19000123	-1.0413583e-05
250.64783	0.1906603	-9.7466636e-06
250.41769	0.19127038	-3.653462e-06
251.36908	0.19201866	-1.5067169e-05
250.82007	0.19263059	-1.6430975e-05
251.19829	0.1933938	-1.442791e-05
250.65254	0.19400857	-2.7724309e-06
250.16296	0.19464996	-1.5351969e-05
250.38123	0.19530338	-1.570771e-05
250.5067	0.19597697	-1.2312154e-05
250.87465	0.19656058	-9.239302e-06
250.56651	0.19725583	-3.0254712e-06
250.49333	0.197914	-2.8871698e-06
250.27142	0.19860761	-4.5949359e-06
250.68965	0.19929636	-8.0857662e-06
250.73351	0.1999751	1.5758677e-06
250.00839	0.20064861	-1.1824258e-05
249.86003	0.20141029	-1.0362361e-05
249.92288	0.20196822	-4.2148636e-06
249.71992	0.2025966	1.7397805e-06
250.2739	0.20335738	-3.55409e-06
250.10147	0.20402516	-7.4618729e-06
250.66747	0.20463604	-9.3058916e-06
249.29539	0.20526676	-1.2426894e-05
249.48482	0.20601591	-6.7854767e-06
249.70221	0.20660242	-7.7046689e-06
249.80574	0.20728861	-5.3696799e-06
250.45078	0.20804811	-7.9894671e-06
249.67357	0.20873763	-8.8377155e-06
249.81662	0.209369	-9.3765793e-06
249.28345	0.21002062	5.1230427e-06
250.05414	0.21057214	-1.1442136e-05
249.85677	0.21133718	-5.8224891e-06
249.97575	0.21199605	-8.9924088e-06
249.90266	0.21257074	-5.1227867e-06
249.51105	0.21333954	-1.0306015e-06
250.00027	0.21396716	-9.1727125e-06
249.83821	0.21460646	-5.5643263e-06
249.64751	0.21532352	-2.5816263e-07
249.26013	0.21601142	-6.2998852e-06
248.70432	0.2166035	-1.3032859e-05
249.00583	0.21735616	-1.1527166e-05
249.24905	0.21801557	-5.4383186e-06
249.16766	0.21862906	-1.2878678e-05
248.56248	0.21943162	-5.1473735e-06
248.08321	0.21998507	1.2541889e-06
248.8054	0.22063209	-7.7466711e-06
248.58101	0.22133951	-1.0402315e-05
248.95164	0.2220187	1.0769581e-06
248.54732	0.22266719	-8.4945232e-06
247.97382	0.22331671	-3.6770246e-06
248.08725	0.22392245	-7.8388721e-06
248.5865	0.22468418	-7.0733486e-06
248.85658	0.22537868	2.2940105e-06
248.16841	0.22602166	-7.0487617e-06
248.36723	0.22666998	-1.2480165e-05
248.29578	0.22738242	-1.314017e-05
248.43399	0.22799996	-1.0710675e-05
248.37733	0.22865932	-3.5510166e-06
248.57077	0.2293264	-4.0089481e-06
248.63487	0.23010588	-1.1654199e-05
248.54234	0.23062813	-1.2716814e-05
248.39619	0.23138782	-7.1327668e-06
247.92726	0.2319835	-1.3151439e-05
247.65746	0.23268101	-1.0323432e-05
248.05151	0.23333615	-1.8760842e-05
247.48215	0.23401739	-5.044928e-06
248.14651	0.23463269	-1.0433048e-05
247.86603	0.23531602	-1.0200497e-05
248.2413	0.23596856	-1.2804918e-05
248.09583	0.23666209	-8.044788e-06
247.54953	0.2372096	5.4139878e-06
247.99901	0.237957	-5.5049081e-06
247.2571	0.23859739	-1.2164633e-05
247.82141	0.23927665	-5.7938046e-06
247.47473	0.24001895	-1.1513848e-05
247.07011	0.24066022	-8.6502405e-06
247.22733	0.2412329	-1.536836e-05
246.8642	0.24198365	-5.1637649e-06
247.70056	0.24271537	-8.3459772e-06
247.54202	0.24328023	-7.9341471e-06
247.91769	0.24393286	-8.3746627e-06
247.33987	0.24461517	-8.4514968e-06
246.81006	0.24529192	-7.2282974e-06
247.3354	0.24596487	-1.3228273e-05
247.35199	0.24654554	-1.4501671e-05
247.27893	0.24725446	-7.6421775e-06
247.19843	0.24798347	-8.2957795e-06
246.54112	0.24871737	-5.9986955e-06
246.59708	0.24932516	-9.5602127e-06
247.12932	0.24996594	-2.2968277e-06
247.4557	0.25068626	7.1763061e-06
246.797	0.25130376	-1.4231215e-05
246.95155	0.25202078	-3.7692255e-06
246.77446	0.25259537	-4.2578904e-06
245.89783	0.25325865	-9.5366504e-06
246.508	0.25397527	1.0329067e-06
246.46869	0.25462061	-9.6575359e-06
246.45531	0.25545543	-2.153404e-06
246.42307	0.2559478	-4.8933084e-06
246.45016	0.25659892	-1.2890971e-05
246.53761	0.25730702	-3.7948369e-06
245.87794	0.25797042	-2.7375995e-06
246.69029	0.25863114	-8.5242327e-06
246.16666	0.25933608	-2.7580886e-06
246.0881	0.25996029	-4.7045528e-06
246.11716	0.2606543	-1.5035412e-05
246.43915	0.26130992	-1.2563146e-05
245.88957	0.26197055	-1.5860354e-05
245.62453	0.26270118	-8.211774e-06
245.76534	0.26328966	-1.4361321e-05
245.62367	0.26400751	-2.0519831e-06
246.524	0.26464653	-1.6903505e-06
246.70671	0.26537433	-1.8925779e-05
246.20911	0.26595852	-3.6544866e-06
245.92072	0.26663482	-8.6994141e-06
245.56577	0.26732871	-1.6811047e-05
246.36856	0.26800302	-8.2025535e-06
245.73865	0.26862162	-1.2221747e-06
246.37036	0.26930964	-7.1327668e-06
245.01126	0.27003062	7.062592e-06
244.63429	0.27065721	-1.0126736e-05
245.16756	0.27137384	-6.0442835e-07
245.31264	0.27193743	-4.9558003e-06
246.01964	0.27260879	-8.2660699e-06
245.50356	0.27333748	-8.7793223e-06
245.80658	0.27396739	7.0303213e-07
244.6369	0.27462935	-1.126593e-05
244.91882	0.27529532	-1.3109437e-05
245.2244	0.27597231	-9.6616341e-06
245.31766	0.27661458	-5.2098653e-06
244.72314	0.27735126	-1.2030429e-05
244.84915	0.27798891	-3.7087827e-06
244.88385	0.27873251	-8.4443254e-06
245.33974	0.27933571	-5.8189033e-07
244.97028	0.2799226	-9.4554625e-06
245.43845	0.28070834	-1.4321879e-06
244.97948	0.28131285	-1.0694284e-05
244.6902	0.28195977	-8.6881455e-06
245.49649	0.28265551	-7.6370552e-06
244.38564	0.28333682	-9.2065193e-06
244.60506	0.28399599	-9.9833123e-06
244.2859	0.28467709	-4.7291396e-06
243.90919	0.2853173	-4.3961918e-06
244.94475	0.28596044	-1.0292698e-05
245.39877	0.28665701	-7.4956802e-06
245.31076	0.28734505	-1.2498605e-05
244.10638	0.28799531	-1.2016087e-05
244.64091	0.28858024	-1.0945276e-05
244.28877	0.28933242	-1.7377572e-05
244.71062	0.28994086	-1.2260932e-05
244.76428	0.29066125	2.8843526e-06
244.34157	0.29124933	-6.138021e-06
243.87288	0.29202309	-2.90561e-06
243.73076	0.2926605	-3.9228939e-06
244.58276	0.29329428	-8.6369228e-06
244.85121	0.29397288	-8.8315692e-06
245.25336	0.29466161	-9.5499681e-06
244.65665	0.29533693	-5.2518676e-06
244.37112	0.2959916	-9.9474562e-07
244.05371	0.29663903	-7.4598242e-06
243.96167	0.29729712	-1.4790567e-05
244.35867	0.29799503	-1.1935155e-05
243.77852	0.29868594	-6.9647563e-06
243.06967	0.29938078	-1.3926951e-05
243.3148	0.29993021	-8.1144508e-06
243.03154	0.30062297	-7.2293219e-06
243.79649	0.30130529	-5.362509e-06
244.11972	0.30206639	-8.5027195e-06
243.83737	0.30259934	-1.3755867e-05
244.01138	0.3033374	-5.7815109e-06
243.9373	0.30399567	-1.2002769e-05
243.70297	0.3046129	-5.1207376e-06
243.53821	0.30536494	-1.487867e-05
243.40306	0.30597058	-5.3481667e-06
243.25044	0.30674195	-3.5284786e-06
243.15457	0.30733865	-3.9853853e-06
243.69791	0.30801037	-2.9803953e-06
243.44002	0.30861866	-1.303081e-05
243.43549	0.30936787	-1.0127761e-05
243.3481	0.3100166	-4.4586836e-06
243.50195	0.31062567	-1.6035536e-05
243.59302	0.31129646	-7.473142e-06
243.73192	0.31200951	8.7718945e-07
243.46333	0.31260964	-3.9748849e-07
243.02711	0.31332308	-1.2365426e-05
243.01396	0.31398126	-1.2762915e-05
243.0921	0.31463182	-1.2749597e-05
243.0439	0.31527135	-2.7642352e-06
243.33344	0.31599826	-1.5889038e-05
242.97818	0.3167423	-1.3841922e-05
243.18834	0.31732318	-1.0507833e-05
242.77791	0.31798059	-6.6379553e-06
243.09055	0.31868735	-1.2599002e-05
242.59991	0.31926197	-1.7710519e-05
243.10744	0.32007852	-1.4685048e-05
242.81374	0.32056373	-1.0659453e-05
242.25047	0.32128176	-7.7476961e-06
242.52554	0.32196736	-7.5725143e-06
242.76863	0.32262194	-9.239302e-06
242.97594	0.32329232	-3.4393511e-06
242.71284	0.32403153	-8.1257194e-06
242.42232	0.32465196	-5.5120795e-06
242.78917	0.32531086	-8.1451844e-06
242.40567	0.32596272	-4.0773304e-07
242.60974	0.32662591	-4.5303955e-06
242.11497	0.32738861	-1.1812989e-05
242.24983	0.32801065	-1.6458636e-05
242.60229	0.32867235	-1.1930802e-05
242.33232	0.32929149	-8.2322631e-06
243.2226	0.32996166	-7.6116993e-07
242.78145	0.33065757	-2.0122343e-05
242.61101	0.33129472	-1.3587857e-05
242.14417	0.33202446	-1.9783247e-05
243.14401	0.33260182	-1.5037461e-05
242.61835	0.33332479	-1.2935023e-05
242.22121	0.33398354	-1.8468872e-05
242.09988	0.33456293	-1.3054116e-05
241.95332	0.33533657	-1.1200364e-05
241.58286	0.3359116	-8.9708947e-06
242.35104	0.33667049	-1.3509998e-05
242.2189	0.3373065	-2.0033214e-05
241.83125	0.33796898	-1.3298961e-05
242.46683	0.33859828	-3.7282473e-06
242.26369	0.33931324	-1.1367351e-05
241.84326	0.339973	-1.994716e-05
242.09151	0.3406935	-1.0760874e-05
242.04797	0.34126657	-1.6068318e-05
241.73531	0.34198484	-2.4958281e-06
242.02045	0.34267947	-8.1390381e-06
241.74263	0.34331295	-8.7270746e-06
241.44304	0.34398451	-8.8069819e-06
241.56483	0.34468102	-1.1920557e-05
241.24365	0.34527054	-1.8850993e-05
241.67397	0.34600577	-2.4402003e-05
241.32292	0.34665999	-9.0979274e-06
241.91942	0.34727302	-1.1409354e-05
241.63637	0.34798935	-1.0295771e-05
241.61308	0.34864092	-1.1494383e-05
241.03488	0.34926015	-1.2823358e-05
240.66382	0.34999889	-1.4687097e-05
241.80678	0.35062981	2.0430191e-06
241.64909	0.35138893	-1.5417789e-05
241.77049	0.3520042	-1.2030429e-05
241.19153	0.35268918	-6.2855429e-06
241.0295	0.35324183	-5.5479354e-06
241.52003	0.3539685	-1.3749721e-05
241.54945	0.35463622	-9.567384e-06
241.36555	0.35530865	-1.2018136e-05
240.37637	0.35602283	-1.3926951e-05
240.92485	0.3566463	-6.689178e-06
240.58179	0.35730675	-8.1984563e-06
241.06337	0.35792279	-1.1024159e-05
240.93779	0.35862181	-1.6324431e-05
240.23109	0.35934004	-4.6389878e-06
240.47266	0.36005935	-7.4785206e-08
239.98781	0.36066037	-1.3717963e-05
239.95401	0.36133319	-1.5494623e-05
240.79945	0.36199367	-1.2488105e-06
240.80623	0.36266848	-7.7876493e-06
240.49133	0.36324173	-1.5389873e-05
240.16913	0.36400709	-1.8208661e-05
240.88904	0.3646141	-5.9874264e-06
240.52223	0.36533412	-1.1560973e-05
240.3103	0.36602145	3.0031895e-06
240.92334	0.36664617	-1.0353141e-05
239.96559	0.36735755	-1.3410627e-05
240.55301	0.36800456	-1.3604248e-05
240.66293	0.36867225	-1.032753e-05
240.3846	0.36936525	-1.6359263e-05
240.3329	0.36997983	-2.3091213e-06
239.96996	0.37061334	-1.3841922e-05
240.14021	0.37140098	-1.5800935e-05
240.1214	0.37199342	-1.1643954e-05
240.98552	0.37260845	-6.1523638e-06
240.21388	0.3732833	-1.2352109e-05
240.13245	0.37407163	-1.1490286e-05
239.96446	0.37461889	-6.8233817e-06
239.18906	0.37530023	-6.1974397e-06
240.32939	0.37592688	-9.7231014e-06
240.08107	0.37667391	-6.6589564e-07
240.32196	0.37739953	-7.9116089e-06
239.07896	0.37801233	-7.2672265e-06
238.57559	0.37866583	-7.1442919e-06
239.26071	0.37929893	-1.7761742e-05
239.8145	0.3799395	-1.0987278e-05
239.93144	0.3806425	-4.6625501e-06
239.54659	0.38131595	-8.4053963e-06
239.92429	0.38197508	-1.24607e-05
239.57014	0.38267246	-1.5669806e-05
239.84955	0.38336864	-8.1042062e-06
239.74583	0.38403037	-1.6558008e-05
239.44348	0.38465539	-1.4592847e-05
239.56813	0.38535583	-2.1650061e-05
239.35065	0.38597515	-1.5447498e-05
239.03787	0.38663864	-1.4684024e-05
239.16788	0.38729367	-1.409906e-05
239.17755	0.38793567	-5.8655164e-06
238.98288	0.38871765	-7.689302e-06
238.74046	0.38926047	-1.3148366e-05
240.00102	0.38992611	-2.2312627e-06
238.82536	0.39065129	-3.1227944e-06
238.67152	0.39133	-2.5234883e-06
238.87767	0.39194167	-1.0969862e-05
238.76576	0.39276353	-1.249041e-05
239.12772	0.39338368	-1.4047837e-05
239.00119	0.39401615	-1.3533561e-05
239.54535	0.39469931	-6.6000503e-06
238.51472	0.39531395	-2.67101e-06
238.26715	0.39592949	-3.540772e-06
238.54349	0.39666954	-2.7959934e-06
238.03328	0.39736333	-1.7179851e-05
239.04077	0.39799222	-1.2132875e-05
238.70178	0.39865181	-6.7742076e-06
238.4109	0.39931533	-6.1113856e-06
238.17299	0.40001491	-1.3001612e-05
237.81717	0.40066242	-1.0192301e-05
238.78494	0.40133184	-6.4597002e-06
238.65833	0.40196928	-6.8950935e-06
239.21049	0.40270844	-1.4803885e-05
238.42369	0.40332934	-8.3336845e-06
236.99156	0.40403008	-6.5488275e-06
238.59111	0.4046216	-3.8102037e-06
238.45288	0.40538037	-1.238489e-05
238.47447	0.4060328	-1.3334817e-05
238.19699	0.40675583	-9.2464734e-06
238.34479	0.40727529	1.6147969e-06
238.06393	0.4079338	-1.4553918e-05
237.99643	0.40864336	-5.8593696e-06
237.95398	0.40933639	-2.6115915e-06
237.7506	0.41001853	-7.3010337e-06
237.6792	0.41062599	-1.653547e-05
237.52852	0.41131976	-1.2370549e-05
237.98654	0.41192964	-7.2528842e-06
237.60846	0.41258901	-1.1442136e-05
237.46021	0.41326657	-2.7865173e-07
237.26561	0.41397008	-9.9136496e-06
237.6579	0.41460943	-1.7804769e-05
238.36789	0.41533384	-8.5016945e-06
237.59953	0.41597247	-7.7415489e-06
237.17184	0.41663116	-5.390169e-06
237.0464	0.41736066	-3.0920608e-06
236.99057	0.41805595	-9.3960434e-06
237.33353	0.41869062	-1.0039658e-07
237.26833	0.41936046	-4.7739599e-07
237.55521	0.41998455	-1.2291665e-05
237.18454	0.4206748	-7.7763807e-06
236.72794	0.42132628	-1.3232371e-05
236.7814	0.42201972	-1.2004818e-05
236.48618	0.42262897	-1.3340963e-05
237.19234	0.42334184	-1.3600151e-05
236.68159	0.42400506	2.1239509e-06
236.97321	0.42460501	-4.2261322e-06
236.45761	0.42533699	-3.4168131e-06
236.27005	0.42596182	3.2213984e-06
236.75374	0.42666245	-1.1012889e-05
236.72687	0.42731419	-1.5895186e-05
237.3089	0.42801929	-1.6698614e-07
236.67651	0.42869577	-1.1772011e-05
236.85223	0.42935529	-3.0336669e-06
236.88661	0.42996305	3.1998848e-06
236.62375	0.43069133	-4.6574278e-06
237.21841	0.43129823	-1.4167698e-05
236.42274	0.43206275	-1.0363386e-05
236.30769	0.43260807	-1.6116468e-05
236.68962	0.43330827	-1.4685048e-05
236.64307	0.43396041	5.9853772e-07
236.59576	0.43469521	9.9190283e-06
235.65857	0.43541616	-1.1126604e-05
236.06621	0.43599716	-1.6545715e-05
236.18175	0.43661416	-7.7282311e-06
237.02965	0.43732941	-8.2673506e-07
236.29759	0.43801033	-1.1062063e-05
236.00261	0.43864673	-1.0146201e-05
235.43326	0.43929899	7.1839895e-07
235.01106	0.43997654	-1.2149266e-05
236.32335	0.44059995	-1.3522292e-05
235.80254	0.44137368	-5.6565273e-06
235.84201	0.44193822	-8.9350387e-06
235.28949	0.44267395	-1.2855116e-05
235.56032	0.44332373	-7.5889056e-06
236.46375	0.44398794	-1.1421647e-05
236.53265	0.44467011	-5.82044e-06
236.44472	0.44533902	-9.4144843e-06
235.84557	0.4459953	-9.9443832e-06
235.01917	0.44668025	-9.6657313e-06
235.29112	0.44724059	-1.1279247e-06
235.02371	0.44803661	-5.4670031e-06
235.18784	0.44863227	-1.1076406e-05
235.72867	0.44930223	8.8948292e-07
234.60941	0.45000044	-1.2068078e-06
235.14113	0.45066434	-3.0848896e-06
234.92499	0.45131102	-1.2383866e-05
235.26555	0.4519681	-9.7415414e-06
234.96323	0.45261878	-8.2394345e-06
235.09026	0.45329183	-9.4513643e-06
234.92393	0.4540675	-9.108172e-06
234.57344	0.45465162	4.6535862e-07
234.48607	0.45534995	-1.1129678e-05
234.72217	0.45598653	-7.8019921e-06
234.41716	0.45666391	-8.0683503e-06
234.55682	0.45735595	-7.6124679e-06
235.06393	0.45790243	2.5329646e-07
235.16002	0.45860115	-1.3896218e-05
235.32433	0.45931768	-7.6063211e-06
234.71204	0.45995685	-6.7404007e-06
234.30844	0.46066347	-2.042891e-05
234.25163	0.46139455	7.8293959e-07
234.38136	0.46196046	-7.2108814e-06
234.81267	0.46258321	-1.1870358e-05
234.33929	0.46327254	-9.4687803e-06
233.37808	0.46406302	-6.3562302e-06
233.4509	0.46458203	-1.0068342e-05
233.50601	0.46533856	1.1025695e-06
234.99104	0.4659586	-6.5232161e-06
234.45021	0.46675825	-2.2500359e-05
234.42651	0.46726102	-4.101149e-06
233.64438	0.46796784	-2.8441427e-06
233.06871	0.46865666	-1.429678e-05
233.74763	0.46931702	-7.5499761e-06
233.7314	0.46998385	-1.4270144e-05
234.25511	0.47075906	-4.0529994e-06
233.39502	0.47129098	-4.1298335e-06
233.47939	0.47203264	-4.0519749e-06
233.49753	0.47262439	-1.946157e-05
233.55522	0.47333357	-9.333552e-06
233.37628	0.47394061	-1.2435089e-05
234.0946	0.47469255	-4.6471832e-06
233.84978	0.47525296	-6.0427469e-06
233.2112	0.47600475	1.1712081e-06
233.38762	0.47660598	6.743474e-07
233.70288	0.47735846	-9.2331557e-06
233.43468	0.47795352	-1.0687113e-05
233.11351	0.47863832	-2.1049729e-05
232.98338	0.47930914	-7.6421775e-06
232.8898	0.47995058	-9.7732991e-06
233.08186	0.48062411	-1.0322407e-05
232.27989	0.48130935	-3.2723649e-06
232.68571	0.48203337	-4.4484391e-06
232.27684	0.48260641	-1.4713733e-05
232.28209	0.48331493	-1.6377704e-05
232.62408	0.48399076	-3.371737e-06
232.31387	0.48469672	-1.3456727e-05
231.94543	0.48535118	-2.166722e-06
231.39928	0.48603359	-1.894217e-05
231.19739	0.48670104	-5.1145907e-06
232.04068	0.48733535	-8.6768769e-06
232.66492	0.4879545	-8.8336183e-06
231.98151	0.4886249	2.1003887e-06
231.31219	0.48933944	-1.1915435e-05
230.73004	0.49001154	-9.6052891e-06
230.89708	0.4906342	-6.6768844e-06
232.00606	0.49128938	-7.6093947e-06
231.45351	0.49197114	-1.2816186e-05
230.75648	0.49275497	-1.1665467e-05
230.67024	0.49334106	-6.950414e-06
230.27791	0.49402103	-7.9894671e-06
230.93979	0.49468112	-6.0570892e-06
230.86444	0.49537238	2.283766e-06
231.01189	0.49600482	-6.306032e-06
230.30463	0.49662918	-1.5120441e-05
230.03041	0.49734986	-9.3653098e-06
229.78485	0.49793687	-9.2833534e-06
229.13722	0.49870092	-7.1296936e-06
229.43254	0.49933442	-6.6994226e-06
229.32707	0.49996844	-8.7742001e-06
229.29697	0.50063914	-8.697366e-06
228.96977	0.50139976	-2.727355e-06
228.7917	0.50196075	-1.471988e-05
228.72652	0.50267863	-1.0970887e-05
228.62662	0.50332266	-1.8460677e-06
228.92299	0.50393116	-8.5078418e-06
228.07948	0.50463998	-5.0275121e-06
228.35382	0.50528198	-1.2662261e-06
228.07994	0.50594252	-9.4513643e-06
227.31961	0.50667882	-9.0600224e-06
227.15919	0.50735497	-1.7093798e-05
226.23232	0.50805777	-1.2529339e-05
226.59825	0.50862116	-8.398225e-06
226.59531	0.50935119	-9.566359e-06
225.69196	0.50997669	-4.0437794e-06
225.08675	0.51066875	-6.0755297e-06
223.60123	0.51135921	-7.4915824e-06
223.09077	0.51196355	-1.2882776e-05
222.92392	0.51264256	-2.588029e-06
222.80209	0.51334727	-9.2628643e-06
221.36176	0.51392448	-9.6851963e-06
219.96501	0.51470655	3.8588655e-06
219.20518	0.51532167	-3.2631449e-06
218.03329	0.515971	-1.0442268e-05
218.41501	0.51663822	-1.294117e-05
216.98489	0.51736176	-4.2025699e-06
216.15439	0.51800293	-1.0531396e-06
214.95958	0.5186671	-1.2597978e-05
212.9565	0.51922345	-6.811088e-06
211.16354	0.51999307	-1.2826175e-06
208.45197	0.52068871	-4.7022479e-07
205.74602	0.52130145	-1.8450432e-06
201.95528	0.52197075	-1.4853059e-05
198.28067	0.52263731	-5.2764549e-06
194.09438	0.52335918	-7.1729769e-06
188.49519	0.52399021	-1.0610279e-05
177.145	0.52478904	-7.1903924e-06
166.73114	0.52544624	-9.0835847e-06
157.31073	0.52612555	-1.1473895e-07
147.7328	0.52680987	-9.884965e-06
121.1763	0.5275932	-2.8769252e-06
42.172935	0.52843636	-1.2744218e-06
41.939526	0.52895123	3.5471749e-07
41.750744	0.52955061	-4.1001244e-06
41.615505	0.53015155	-7.9300489e-06
41.74667	0.5307253	-8.2957795e-06
41.640198	0.53142643	-6.9355593e-07
41.385498	0.53204793	-1.0480173e-06
41.909264	0.53267431	-1.9362197e-07
41.358944	0.53335297	2.3997856e-07
41.677338	0.53393441	-1.7404207e-05
41.95369	0.53464907	-6.2425156e-06
41.582291	0.53531384	-4.2076922e-06
41.801731	0.53603965	-1.6833586e-05
41.664993	0.5366146	-1.1428819e-05
41.738712	0.53703535	-7.5919788e-06
