MTS793|MPT|ENU|1|2|.|/|:|1|0|0|A

Data Acquisition						Time:	176.75488	s	10/2/2026 3:39:27 PM
Axial Force	Axial Displacement	Axial Strain
lbf	in	in/in
4.3073835	0.00063529104	-1.5617814e-05
7.282423	0.001198703	-1.0248902e-05
8.8200531	0.0018736937	-1.2029661e-05
12.861919	0.0025145283	-6.8349068e-06
15.218565	0.0031688749	-4.4138637e-06
19.243238	0.0038192363	-1.1953852e-05
21.810854	0.0045537017	-7.5543303e-06
25.403196	0.0052247099	-7.9487454e-06
28.119961	0.0058731753	-1.6722177e-05
30.751476	0.0065937079	-8.7939206e-06
34.861485	0.0071627484	1.6258099e-06
38.36911	0.0079186568	-5.3637896e-06
42.045071	0.0086135278	-9.6823787e-06
44.523727	0.0092180585	-3.4713653e-06
47.586128	0.009835884	-6.1854021e-06
50.411316	0.01056989	-9.8534629e-06
53.629353	0.011230221	-9.2385335e-06
57.039238	0.011831969	-5.8391365e-06
59.683361	0.012546361	-1.4688378e-05
62.135464	0.013163689	-4.9939613e-06
66.700394	0.013823337	-4.7427138e-06
69.768402	0.014552984	-6.1495462e-06
73.569206	0.015192618	-1.5207776e-05
75.148705	0.015920894	-1.718267e-06
78.065254	0.016559079	-1.1506165e-05
80.168007	0.017177045	-3.8248022e-06
83.583641	0.017872421	-2.9181597e-06
86.408051	0.018524123	-1.1287956e-05
87.97673	0.019202227	-1.2249919e-05
91.667732	0.019837651	-1.8371037e-06
94.063652	0.020524902	-2.0718062e-05
98.121155	0.021210231	-5.9139215e-06
100.79417	0.021886798	-2.1495623e-06
103.81604	0.022531439	-3.8750005e-07
106.4898	0.023195304	-6.5183503e-06
108.33674	0.023887932	-4.0757936e-06
111.84266	0.024490299	-6.0307098e-06
114.76228	0.025221586	-2.6067253e-06
117.87534	0.025846666	-1.2163865e-05
120.71848	0.026496116	-8.6761083e-06
122.24225	0.027157571	-7.8893272e-06
125.09034	0.027897481	-1.2535742e-05
128.27832	0.028515782	-8.5890297e-06
132.11459	0.029151324	-1.0845391e-05
134.48328	0.029859288	-1.1359668e-05
137.15698	0.030563992	-1.2552133e-05
139.91382	0.031234382	-1.0790071e-05
141.53264	0.031862423	-1.7843955e-05
145.49138	0.032495894	-1.0077819e-05
147.16	0.033185188	-1.1286931e-05
150.74065	0.03388083	-1.2136205e-05
152.14801	0.034557518	-1.6480406e-05
154.9099	0.035184525	3.9700185e-06
157.74475	0.03589106	-1.761294e-06
159.44537	0.036585558	-9.1504307e-06
163.23338	0.037241101	-1.3690558e-05
165.63399	0.037957419	-1.1841162e-05
168.65208	0.03848619	-1.2924011e-05
170.89633	0.039195009	-5.3545696e-06
173.52904	0.039873309	-1.401736e-05
175.21204	0.040468086	-2.6497526e-06
178.11926	0.041183174	-1.1700811e-05
179.52237	0.041853249	-5.988707e-06
181.97198	0.04256139	-7.6557508e-06
184.21124	0.043195471	-1.2023515e-05
187.8399	0.043899022	-2.1116575e-06
189.76929	0.044502743	8.4824865e-07
191.67215	0.045184817	-9.1504307e-06
194.08342	0.045864325	-6.3820976e-06
196.48906	0.046545796	-4.6843198e-07
198.22224	0.04721215	-1.9129134e-06
200.34285	0.047864534	-1.3883156e-05
202.51721	0.048501946	-7.7735631e-06
204.0065	0.049227588	-9.6291069e-06
206.1779	0.049851734	-7.5994062e-06
209.1479	0.050549086	-6.0511989e-06
211.39793	0.051186591	-5.4232078e-06
214.08568	0.051849052	-1.1064624e-05
215.22141	0.052564237	-1.789825e-05
217.5153	0.053200759	-3.6035199e-06
219.06522	0.05385847	-5.4047678e-06
222.50089	0.054586183	-6.3431685e-06
223.63818	0.055213537	-4.9806436e-06
224.78461	0.055913009	2.1933579e-06
227.21353	0.056544255	-3.1814445e-06
228.71408	0.057241235	-5.9641202e-06
230.95387	0.057908814	7.5397315e-06
232.56075	0.058589507	-3.6793297e-06
234.82645	0.059217099	-8.2232991e-06
235.64702	0.059924733	-4.6546106e-06
237.45642	0.060602594	-6.7703659e-06
239.72408	0.061200835	-1.1485676e-05
240.4314	0.06190218	7.7978939e-06
242.74326	0.062476482	-1.5187543e-07
243.31805	0.063282982	-5.2551973e-06
244.48415	0.063833021	-8.7939206e-06
246.8342	0.06459184	-4.6320724e-06
248.22688	0.065147027	-1.0305247e-05
249.84052	0.065937683	-8.6330811e-06
250.60226	0.066553645	-3.8934409e-06
252.32083	0.067213342	-1.0882271e-05
253.54555	0.067929052	-1.1819648e-05
254.32484	0.068551347	-4.6515374e-06
256.03342	0.069206007	-3.4211671e-06
257.1478	0.069919825	-9.9876661e-06
257.80066	0.070550717	-1.2429198e-05
257.97552	0.071288578	-4.4312796e-06
259.6636	0.071894348	-1.0793144e-05
260.78247	0.072568014	-1.3751001e-05
261.20642	0.073241912	-1.0015327e-05
262.15448	0.073807418	-9.7223328e-06
262.01968	0.074580133	1.5745871e-06
263.08713	0.075228915	-9.7858492e-06
263.3461	0.075893201	-4.7293956e-06
263.48914	0.076534793	-5.7039083e-06
265.25858	0.077216178	-1.1932338e-05
264.00311	0.077879004	1.8143096e-06
265.63321	0.078540437	-6.0675898e-06
265.01895	0.07921873	-1.223865e-05
265.59625	0.079905756	-1.2244796e-05
265.92068	0.080558918	-5.8309411e-06
265.24014	0.081242166	-6.7468036e-06
266.29868	0.081884868	-1.2067566e-05
266.52921	0.082550086	1.3983808e-06
267.38214	0.083231159	4.8144257e-06
265.84949	0.083933815	-7.4180775e-06
266.65997	0.084595993	-6.7088986e-06
265.99777	0.085284866	-9.5817259e-06
265.69052	0.085917339	-4.2089728e-06
266.40131	0.086620383	-9.042863e-06
265.84293	0.087228082	-2.8669369e-06
265.93036	0.087870479	-8.5121956e-06
265.17645	0.08861737	-1.1027744e-05
265.32571	0.089266002	-9.0193007e-06
265.66818	0.089885101	-6.9629637e-06
265.36899	0.090661325	4.7124924e-08
265.93381	0.091266625	-8.1147073e-06
265.25912	0.091918513	-1.1487725e-05
263.8027	0.092622302	-9.5684081e-06
264.76428	0.093268007	-1.21444e-05
264.29611	0.093937196	-9.7028678e-06
264.8537	0.094599083	7.9515621e-06
264.86813	0.09523312	-9.6670119e-06
264.57785	0.095953822	-9.0172516e-06
264.0968	0.096681558	-1.5595277e-05
264.00818	0.097250782	-6.8984227e-06
264.80087	0.097963311	-1.1081016e-05
264.13803	0.098570019	-5.7336179e-06
263.80728	0.09922827	-2.8464478e-06
263.67688	0.099984758	-6.473274e-06
262.95609	0.10057006	-3.4600962e-06
263.20627	0.10130502	-5.1220181e-06
263.11993	0.10194019	-1.5057181e-05
263.16516	0.10253947	-1.1009304e-05
262.55905	0.10330159	-1.1473382e-05
262.858	0.1038686	-1.6032718e-05
262.80353	0.10467736	-8.6300079e-06
262.41129	0.10531515	1.9403176e-06
262.75101	0.10594691	-5.5727783e-06
261.15729	0.10669738	-6.7847086e-06
261.62186	0.10724232	-5.8217206e-06
261.37292	0.1079589	-8.5152687e-06
262.24695	0.10853793	-1.4759065e-05
261.3764	0.10923825	-9.6175818e-06
260.88885	0.10989561	-5.7377156e-06
260.77536	0.11059576	-9.175018e-06
260.58765	0.11127117	-6.8574445e-06
261.75281	0.1118857	-7.464178e-06
260.96088	0.1125542	-9.9794706e-06
261.20444	0.11325862	-1.6193559e-05
259.93964	0.11397489	-1.183399e-05
260.2442	0.11463267	-4.7027602e-06
260.4906	0.11531299	8.0931933e-08
260.02185	0.11590637	-6.1065193e-06
260.67731	0.11651801	-1.108204e-05
259.84601	0.11725155	-6.6023554e-06
259.08295	0.11790507	-1.5361444e-05
259.32813	0.11851229	-8.8400211e-06
259.14426	0.1192158	-3.148662e-06
259.63968	0.11990763	-1.6206875e-05
259.76044	0.12057647	-5.5574114e-06
259.1821	0.12120388	2.358295e-06
259.54651	0.12183981	-1.0797242e-05
258.24655	0.12259775	-1.1804281e-05
259.35797	0.12320233	-1.3558404e-05
258.82367	0.12393289	2.4586916e-07
258.58469	0.12454631	-4.240731e-06
257.94699	0.12529474	-1.4455826e-05
257.38412	0.12590183	-1.6516774e-06
258.61026	0.12658739	-9.1330148e-06
257.70721	0.12724161	-7.4652025e-06
258.4938	0.12810084	-5.2101213e-06
257.50513	0.12851754	-4.9120049e-06
258.0043	0.12920862	-1.5494879e-07
258.48535	0.1299171	-1.0204851e-05
258.08441	0.13058366	-1.1376059e-05
258.00363	0.13130741	-1.8697581e-05
256.67383	0.13192736	4.743226e-07
257.24832	0.13260397	-1.2296019e-05
257.1709	0.13325165	-1.0829e-05
257.29434	0.13389495	-1.2143376e-05
258.19116	0.13453908	-9.6052891e-06
256.74136	0.13516949	-9.5950445e-06
256.56229	0.13586816	8.8820235e-07
256.85385	0.13658552	-1.273756e-05
257.34195	0.13722809	-5.8545033e-06
257.11435	0.1379631	-9.781751e-06
257.39716	0.1386342	-6.1536443e-06
256.27814	0.13929087	-4.3288342e-06
255.70154	0.14001565	-1.1783792e-05
256.47461	0.14054294	-1.165676e-05
256.50989	0.14121297	-5.3699364e-06
256.86984	0.14189751	-3.4437051e-06
255.79042	0.14251791	-3.0165072e-06
256.15955	0.14324269	-1.3903646e-05
256.40063	0.14399448	-3.894465e-06
255.55585	0.14457394	-8.1208536e-06
256.14566	0.14533149	-1.2909668e-05
255.80513	0.1460366	-6.5398635e-06
255.00836	0.14661917	-3.5072212e-06
255.26543	0.14724907	-5.3023223e-06
255.26634	0.14798574	-5.0185481e-06
255.23766	0.14857478	-8.3923342e-06
255.64598	0.14924791	-2.1270243e-06
255.32585	0.14990395	-6.306288e-06
255.11063	0.1506049	1.8440188e-08
254.61211	0.15128028	-9.4639136e-06
255.67668	0.15195003	-1.6670442e-06
255.27428	0.15256204	-2.4067006e-06
254.88512	0.15326053	-6.6320645e-06
254.39127	0.15401557	-8.6965974e-06
254.22639	0.15459324	-1.7057173e-05
255.17265	0.15530235	-7.9538677e-06
254.74529	0.15585986	-3.4406316e-06
255.0238	0.15660098	-4.8392685e-06
253.80084	0.15727291	6.3226794e-06
254.30984	0.15790239	9.2692671e-06
254.51714	0.15857923	2.4794369e-06
255.19315	0.1592076	-6.5078495e-07
254.12779	0.15991426	-4.5644588e-06
254.28856	0.16072814	-7.7049253e-06
254.2287	0.16125637	-7.4764716e-06
253.07356	0.16190198	-2.8710347e-06
254.04736	0.16261223	-2.1772228e-06
253.98096	0.1632376	-1.40819e-05
254.41187	0.16397168	7.8473244e-07
254.49323	0.16458683	-7.7510258e-06
253.81931	0.16525088	1.4045276e-06
253.73235	0.16589455	-9.5960686e-06
254.17644	0.16662738	-1.219255e-05
253.97182	0.16726589	2.6904745e-06
253.52255	0.16794553	3.979239e-06
253.52751	0.16855784	7.601455e-07
254.06453	0.16922872	-1.0839244e-05
253.1803	0.16998392	-1.2767268e-05
252.6214	0.17058919	-7.3770993e-06
253.36206	0.17125836	-2.592383e-06
252.60956	0.17193808	-5.7592292e-06
253.38098	0.17261511	-6.2448207e-06
252.7486	0.17328104	-3.9067586e-06
253.1615	0.1738809	-5.9436311e-06
252.328	0.17460203	-1.9805273e-06
251.89742	0.17527932	-3.2767189e-06
252.44687	0.17601237	-6.0409543e-06
251.48517	0.1766274	-4.7724229e-06
252.12047	0.17728814	-3.2295938e-07
252.62167	0.17787877	-7.5973571e-06
252.15564	0.17868185	-6.9855014e-06
252.21989	0.17926534	-9.9753734e-06
251.61546	0.17985782	-9.3686394e-06
252.17401	0.18059456	3.3909456e-07
252.09247	0.18129796	-9.9333702e-06
252.41106	0.18194255	-1.8114923e-06
251.39116	0.18261951	3.7802383e-07
251.18158	0.18334676	-7.2377734e-06
251.81134	0.18388894	-4.5019669e-06
251.62694	0.18461236	-1.0110601e-05
251.82587	0.18534645	-2.3011817e-06
250.72185	0.18596777	-5.736691e-06
251.72945	0.18659136	-6.080908e-06
251.41396	0.18725899	9.4352293e-07
251.45253	0.18789443	-1.535914e-06
251.38239	0.18859568	-7.5471589e-06
251.42433	0.18930052	-9.1996044e-06
250.96162	0.1899236	1.4086254e-06
251.25438	0.19054493	6.8023803e-07
251.26637	0.19123429	-4.9242985e-06
251.19917	0.19193681	-5.7233733e-06
250.97847	0.19257264	-8.3575023e-06
251.06511	0.19327375	-4.418986e-06
251.11537	0.19389485	8.4527774e-06
252.46361	0.19451801	-1.2285775e-06
251.49554	0.19523287	-8.5531738e-06
251.47664	0.19595967	-4.6945644e-07
250.72911	0.19652864	4.3879963e-06
250.43219	0.19728424	-1.1140434e-05
251.08693	0.19794884	-9.7223328e-06
250.77303	0.19854626	3.5446138e-07
251.36897	0.19920233	-8.3790164e-06
250.36269	0.19992512	-4.4732819e-06
249.93954	0.20059557	-1.4109561e-05
250.0013	0.20120566	-3.9129054e-06
250.0587	0.20200168	-1.7490006e-06
250.50613	0.20260516	-1.1407817e-05
250.01801	0.2032772	-4.8781981e-06
250.10013	0.20388518	-5.4846751e-06
249.77953	0.20456117	-1.0416913e-05
249.25674	0.20530708	1.813285e-07
249.74658	0.20591259	-8.5347338e-06
249.34425	0.20657727	-3.750017e-06
249.66812	0.20725857	-5.1005045e-06
249.06912	0.20794332	-2.1772228e-06
249.08232	0.20851874	-6.8512982e-06
249.33813	0.20924285	-1.1660857e-05
249.0162	0.20997676	-4.4025946e-06
249.60211	0.21057965	-7.295143e-06
248.52953	0.21122348	3.7149293e-06
248.67668	0.2119087	6.2491743e-08
248.70761	0.21256712	4.9896075e-06
248.43005	0.21327525	3.1463569e-06
248.43843	0.21392195	-9.0356916e-06
247.28261	0.2145562	-1.9956637e-05
247.30231	0.21519962	-1.7131447e-06
247.43706	0.21588942	-8.8850966e-06
248.06558	0.21653789	-1.2808247e-05
247.31093	0.2173097	-9.4526449e-06
245.94511	0.21791409	-8.4312633e-06
246.228	0.21870445	-6.2140871e-06
245.18224	0.21926448	-7.06336e-06
245.34692	0.2199105	-1.1429331e-05
245.03876	0.22057137	3.4626575e-07
244.45137	0.2212455	-8.5337088e-06
243.66011	0.22192733	-7.4416403e-06
242.79019	0.22256021	-7.0438955e-06
242.45209	0.22322185	-1.1825795e-05
241.09785	0.22395748	-8.6761083e-06
239.0807	0.22450295	-1.2147473e-05
235.66953	0.22532606	-1.2686337e-05
230.55879	0.22592755	-3.8104599e-06
220.41745	0.22666806	-1.030115e-05
38.297562	0.2282196	-9.4598163e-06
38.061829	0.22859618	-1.6188948e-06
37.661865	0.22909369	-2.9222574e-07
38.185432	0.2295453	-5.7981583e-06
37.884125	0.23014592	-1.0349555e-06
37.647572	0.23075797	-1.0889443e-05
37.928558	0.23132159	-8.0593863e-06
38.187241	0.23200606	1.8235296e-07
37.986382	0.23261116	3.3686638e-06
37.851002	0.23330492	-2.4725218e-06
37.761669	0.23389754	-1.1030817e-05
37.811222	0.2346238	-3.7428458e-06
37.948479	0.2349768	-4.3421519e-06
