MTS793|MPT|ENU|1|2|.|/|:|1|0|0|A

Data Acquisition						Time:	251.25684	s	10/2/2026 3:33:46 PM
Axial Force	Axial Displacement	Axial Strain
lbf	in	in/in
3.9706509	0.00056571083	-4.3493233e-06
6.0781894	0.0012092218	7.1094605e-06
8.7345972	0.0017705666	-9.7097827e-06
11.390246	0.0025386333	-4.2427796e-06
14.295694	0.00321119	-8.7672843e-06
17.932602	0.0038697955	4.3027103e-07
20.550524	0.0045634382	-8.9767855e-07
23.756529	0.0052141324	-8.4240919e-06
25.939608	0.0059151743	4.6105592e-06
28.781502	0.0065542664	8.1700273e-06
32.71809	0.0071998429	-8.2878396e-06
35.456585	0.0079075256	-5.1678626e-06
39.690319	0.0085885432	-9.0715475e-06
41.988567	0.0092435032	8.1946146e-06
44.78825	0.0098860804	-5.5072132e-06
47.702366	0.010550738	-4.1679946e-06
50.908543	0.011239073	-6.6546027e-06
54.017708	0.011881868	-6.3196057e-06
56.447643	0.01248058	-6.3400948e-06
58.915733	0.013187319	-6.3462417e-06
62.175533	0.013909231	-3.6762563e-06
64.795433	0.014591224	-2.4948038e-06
69.080093	0.015252978	-1.2151315e-05
71.231094	0.015906444	-1.0516285e-05
73.582741	0.016608277	-2.8687298e-06
75.756607	0.017274162	-5.1627403e-06
79.009033	0.017858248	9.7528107e-07
81.35807	0.018490717	4.6044124e-06
83.302666	0.019238347	-2.7642352e-06
87.05423	0.019898517	6.315508e-06
89.019203	0.020541629	-8.8994393e-06
92.844055	0.0212777	-6.3452171e-06
95.582428	0.02191809	-2.4927547e-06
98.302811	0.022489101	-1.3523317e-05
101.12752	0.023221619	-1.4250935e-05
103.0081	0.023831064	1.8337742e-07
106.28197	0.024721008	-1.0339055e-05
108.5402	0.025241321	-3.340235e-06
112.17455	0.025849232	5.2531482e-06
114.66625	0.026569618	3.7909952e-06
115.72654	0.027241521	-4.9056021e-06
118.57275	0.027846465	6.529619e-06
121.0982	0.028523197	-1.8012478e-06
125.01513	0.029246205	-5.8094274e-06
127.01691	0.029918283	-2.4220674e-06
130.73712	0.030573884	-9.4628895e-06
132.36298	0.031206181	3.6629383e-06
134.16006	0.031907674	5.8954815e-06
137.85918	0.03265563	1.1269003e-07
140.04321	0.033249225	-4.3851792e-06
142.77858	0.033850268	4.7959852e-06
144.45528	0.034617137	4.3482987e-06
147.32181	0.035211477	2.9803953e-06
149.53419	0.035958197	6.2099894e-06
151.80896	0.0364994	-1.1988683e-06
155.16391	0.037238277	-5.9958779e-06
157.32898	0.037872091	1.7965865e-05
159.92407	0.038540758	7.390161e-06
162.21745	0.039266769	-7.1122776e-07
164.46657	0.039880458	1.6719104e-06
166.74896	0.040632114	-5.6403924e-06
168.9688	0.041208081	1.383014e-06
170.62791	0.041890178	-2.0020409e-06
172.73816	0.042551324	3.2065438e-07
174.27106	0.043198183	1.0879711e-06
178.06424	0.043881841	-2.4118228e-06
179.82265	0.044635911	-1.4959602e-06
182.42445	0.045323681	1.0596193e-05
184.5762	0.045874629	8.8728038e-06
187.37711	0.046571877	1.4178455e-06
188.44035	0.047254235	5.0608071e-07
191.71983	0.047917929	-4.9773139e-06
193.37085	0.048590288	-4.3646901e-06
193.89728	0.049212318	-4.0501823e-06
196.64511	0.0498579	-1.0673027e-05
198.67494	0.050587963	2.3657224e-06
200.3559	0.051212363	-6.8687136e-06
203.9986	0.051924691	-1.6698614e-07
204.87222	0.052598771	-1.4104438e-05
206.9696	0.053272534	-5.7305442e-06
208.77895	0.053880565	-8.5567592e-07
211.82196	0.054530885	-7.9835763e-06
212.89737	0.055254992	-5.0951262e-06
214.24864	0.055934627	-9.7497368e-06
216.07571	0.056535058	5.2203659e-06
217.6658	0.05717307	4.6177302e-06
219.54788	0.057949554	7.9190363e-07
221.28059	0.058668621	3.3294782e-07
223.50627	0.059240647	7.9907477e-07
224.27663	0.059935335	4.5998024e-07
226.26552	0.060599577	-1.7848565e-06
228.23132	0.061310615	3.7131367e-06
228.95569	0.06184325	-1.2266054e-05
231.5087	0.0626029	3.7233813e-06
232.30788	0.063242808	3.5036356e-07
233.00774	0.063916013	8.5234642e-06
235.36723	0.064453058	6.3779999e-06
236.58778	0.065251619	5.727471e-06
238.23894	0.065857597	-5.0941017e-06
239.10083	0.066537678	6.8308091e-06
241.07988	0.067231782	-2.0079315e-07
241.73686	0.06790299	1.2109057e-06
242.87364	0.068561688	-4.6955888e-06
245.05237	0.069343403	-3.2152516e-06
246.11456	0.069935665	6.9814037e-06
246.10352	0.070545234	7.5428052e-06
247.33403	0.071270473	1.439359e-06
248.63417	0.071902886	-1.6907603e-05
249.6543	0.072640143	1.6381033e-06
250.36674	0.073269151	-3.5604928e-06
252.24097	0.073924437	4.353421e-06
251.96407	0.074596129	7.2224066e-07
252.93777	0.075236224	-2.7560397e-06
253.74416	0.076025568	-3.0080555e-06
254.7314	0.076555692	-1.1622697e-05
255.93533	0.077218622	5.8811393e-06
255.47314	0.078027576	-1.4191261e-06
256.56393	0.078519277	-3.0974393e-06
256.69794	0.07923878	4.4302551e-06
257.93732	0.079885714	6.2901529e-07
258.27542	0.080576278	9.118673e-06
258.5972	0.081287727	1.1077686e-05
258.38974	0.08193396	1.1934899e-06
259.58218	0.08257404	5.7827915e-06
260.03094	0.083235525	-5.0316098e-06
260.05707	0.083938703	-7.0777023e-06
259.92642	0.084605984	-5.7674247e-06
259.83206	0.085251369	-2.1659537e-06
259.65631	0.085939251	-1.1755876e-05
260.97733	0.086545847	2.909708e-06
260.13037	0.087279312	-2.1608314e-06
260.45255	0.087904617	-3.7315767e-06
260.33163	0.088640712	-6.7488527e-06
260.31375	0.089277305	-4.4128392e-06
260.6785	0.089914039	3.1962992e-07
260.89331	0.090557374	2.8840966e-06
261.58896	0.091297843	7.4885088e-06
260.64926	0.091899283	1.657568e-06
259.61172	0.09262754	-8.8400211e-06
260.31039	0.09329734	-3.7392601e-07
259.86951	0.093978681	-1.3652398e-05
260.72699	0.094568759	-3.0387891e-06
260.59894	0.095218778	2.5829067e-06
260.02756	0.095948957	-2.315268e-07
259.84705	0.096592627	-3.2091048e-06
259.77594	0.097255297	-5.1340553e-06
260.82742	0.097955167	5.6188787e-06
260.08319	0.098633803	-5.1530077e-07
260.19733	0.099377781	-4.7949611e-06
259.93744	0.099914625	3.0247029e-06
259.96219	0.10063391	2.644374e-06
259.79797	0.10126319	-7.1852701e-06
259.80563	0.10194844	5.6345016e-08
259.62119	0.10261483	-7.9651363e-06
259.40204	0.10326087	8.818507e-06
259.98828	0.10389604	-1.1404744e-06
259.31628	0.10466503	-4.8554039e-06
259.01743	0.10524122	-1.0673027e-05
259.57764	0.10599291	1.5366822e-08
258.26474	0.10647424	-6.9660368e-06
258.6145	0.10717442	-6.1877074e-07
258.46286	0.10795254	-2.8889627e-07
259.18182	0.10858005	-1.1773548e-06
258.81381	0.10930106	3.1394418e-06
257.76111	0.10990919	-3.5758596e-06
258.11209	0.11058906	-8.3211347e-07
257.92767	0.11128042	-1.3381941e-06
258.97531	0.11199233	-5.4856996e-06
258.51169	0.11263447	3.7495047e-07
258.46283	0.11321797	-5.101785e-07
257.38089	0.11395422	4.4230837e-06
257.60233	0.11468657	-1.750025e-06
257.98575	0.11525706	5.819672e-06
257.92947	0.11604933	-6.7468036e-06
258.75595	0.11660077	1.2918375e-06
257.56873	0.11740787	-3.5256614e-06
257.20432	0.11795883	1.1648308e-05
256.97699	0.11855248	-8.2089564e-06
256.82544	0.11921614	-1.0499894e-05
257.54559	0.1199832	-3.5369303e-06
257.45142	0.12058967	3.1435397e-06
257.70053	0.12127852	2.3104019e-06
256.41617	0.12194182	-5.8913838e-06
255.66293	0.12262376	-4.8595016e-06
256.41403	0.12330327	1.0231487e-05
256.52731	0.12391603	-1.5482074e-06
256.16553	0.1245796	-5.9118729e-06
255.3903	0.12525332	5.754107e-06
255.3752	0.125927	-2.4927547e-06
256.5441	0.12661411	4.4712333e-06
255.65431	0.1273796	-4.3851792e-06
256.64185	0.12796427	-5.7172265e-06
255.69464	0.12862852	-8.9352952e-06
255.50952	0.12927282	4.3933746e-06
256.20468	0.12994823	3.1230506e-06
255.64485	0.13061324	-9.0776948e-06
255.74063	0.13129367	-9.4157649e-06
255.1664	0.13192634	-1.1830661e-05
255.30994	0.13259649	-2.1300978e-06
254.97881	0.13327079	7.6834112e-08
254.98196	0.13389206	-1.8319814e-06
255.54982	0.13463013	4.630536e-07
254.76099	0.13529666	3.340235e-06
254.6391	0.13591042	-5.1914249e-06
254.50586	0.136575	8.4158964e-06
255.48268	0.13728215	4.2468778e-06
254.84079	0.13800439	5.5481914e-06
255.59833	0.13861166	-8.0240426e-07
254.2697	0.13923748	-5.6557592e-06
253.4938	0.13993368	-5.0403179e-07
254.20546	0.14056028	-1.6608974e-06
254.29564	0.14129877	-7.9723077e-06
254.85794	0.14193746	-4.3949115e-07
254.11198	0.14260408	-1.1681346e-06
254.11748	0.14321496	7.5912106e-07
253.95995	0.14384776	1.2344681e-06
253.71289	0.14456268	-4.8410616e-06
253.60989	0.14525422	4.8093034e-06
254.2359	0.14595078	4.5429451e-06
253.22353	0.14663678	5.8575765e-06
253.57994	0.14732718	6.8023803e-07
252.7357	0.14790468	1.5028753e-06
253.34129	0.14869621	-6.4712253e-06
253.09348	0.14923909	-1.8360793e-06
253.00024	0.14987069	-1.7889543e-06
253.21123	0.15061793	-4.1495546e-06
252.30641	0.15128553	2.6228606e-06
253.3075	0.1519396	4.7990588e-06
252.96811	0.15267007	-2.4476788e-06
253.36104	0.15334833	-3.8114842e-06
252.79373	0.15398356	-4.5378229e-06
252.16309	0.15462846	8.5132197e-06
252.97736	0.15529223	-6.4855676e-06
252.81189	0.15591446	-6.8912518e-06
253.23563	0.15665621	9.566359e-06
251.6577	0.15732558	1.6258099e-06
252.37769	0.15801226	-2.2212741e-06
252.53755	0.15861315	1.3215467e-06
252.75275	0.15922329	2.7560397e-06
252.90063	0.15994598	-1.0321639e-05
252.05905	0.16070822	8.8922679e-06
251.99969	0.16124515	8.8215811e-06
251.48921	0.16196238	1.9979432e-06
251.90268	0.16257517	-1.0462245e-06
252.09538	0.16332848	1.5333784e-05
251.80258	0.16396186	-3.0244469e-06
251.90804	0.16458981	1.371745e-06
251.33925	0.16524838	3.3689198e-06
251.61354	0.16590025	1.7264625e-06
251.65602	0.16654427	1.2378744e-05
252.37076	0.16725239	-3.4631696e-06
251.37856	0.16795723	4.4066924e-06
251.13263	0.16858003	-3.7684572e-06
251.6922	0.1692737	3.8545113e-06
251.44046	0.16989411	-4.3027103e-07
251.07645	0.17061485	2.4996697e-07
251.57031	0.17122521	9.0326184e-06
251.20163	0.17195696	-7.2736292e-08
251.24074	0.17256999	2.0512148e-06
251.1067	0.17328097	3.7469435e-06
251.23735	0.17389868	-2.4804613e-06
250.92914	0.17461048	-1.8360793e-06
250.70265	0.17536426	2.2765948e-06
250.86748	0.17602263	-1.1753058e-06
250.18623	0.17664726	4.633097e-06
250.99635	0.17725655	6.3318994e-06
250.78836	0.17798343	8.718111e-07
250.43024	0.17856134	-8.6361542e-06
250.65042	0.1792438	4.5890456e-06
249.8195	0.17994905	-5.0439035e-06
250.76569	0.18063553	4.1618478e-06
250.89406	0.18131648	6.2007689e-06
251.56978	0.18202275	-1.1473895e-07
249.91106	0.18261634	7.2375174e-06
249.48001	0.18327567	-6.1597907e-06
250.28726	0.18394759	-4.5747033e-06
250.23718	0.1846375	4.8717952e-06
250.2374	0.18525787	6.8331138e-07
249.69516	0.18596713	4.0317423e-06
250.58994	0.18657723	1.578685e-06
249.51759	0.1873101	-3.9211009e-06
250.9919	0.18790223	-1.2143119e-05
250.14095	0.18859869	-8.0752653e-07
249.877	0.18924473	-7.9374759e-06
249.53812	0.18991369	-8.5132197e-06
249.47292	0.19063385	-6.7088986e-06
249.25702	0.19128436	1.0946556e-05
249.3576	0.19193423	1.0937336e-05
248.88043	0.19260097	-1.313095e-05
249.55179	0.19322444	-7.1135582e-06
249.8551	0.19394223	-3.1783711e-06
250.92407	0.19459261	-8.6054206e-06
249.82648	0.19534378	2.1925896e-06
249.53125	0.19597314	-1.887302e-06
249.71132	0.19673158	7.184246e-06
248.93658	0.1972238	3.62657e-07
249.32991	0.19792357	-8.1526114e-06
249.12688	0.19862607	-8.9445157e-06
249.49872	0.19934565	-1.0649464e-05
248.8974	0.1999007	3.5082458e-06
247.96275	0.20069456	-9.8614028e-06
248.87529	0.20128813	-3.1046104e-06
248.27574	0.20197368	-1.0824646e-05
249.25461	0.20259643	-7.2723487e-06
249.39177	0.20326962	1.4157454e-05
248.94102	0.20389917	6.6023554e-06
248.40739	0.20458014	9.2016535e-06
248.35023	0.20525648	-3.4703407e-06
248.70319	0.20594428	3.0236786e-06
248.92929	0.20666276	1.5264378e-07
249.21506	0.207252	5.9528511e-06
248.41595	0.20799258	5.6793215e-06
247.93448	0.20863321	3.6311803e-06
248.16754	0.20926252	1.0142103e-06
248.78851	0.20989536	7.4424083e-06
248.86601	0.21065171	-2.862583e-06
248.22189	0.21130084	1.3315352e-05
248.7061	0.21192887	-5.3271651e-07
248.245	0.21262655	-2.9332703e-06
248.33327	0.2132819	-2.714037e-06
248.19148	0.21396983	1.0926067e-05
247.94824	0.21467745	1.1349167e-05
247.9509	0.21523257	-6.2184409e-07
247.85002	0.21592222	-2.714037e-06
248.73161	0.21657862	-7.1074119e-06
248.22664	0.21730378	4.5357738e-06
247.63783	0.21791348	1.0951422e-06
247.65485	0.21861385	8.837972e-06
247.70682	0.21921486	-6.4947876e-06
248.04446	0.21994069	5.8606502e-06
247.92686	0.22061527	2.3050234e-07
247.35794	0.22130466	4.1229187e-06
247.20331	0.22193897	7.1412187e-06
247.26012	0.2225879	7.3491829e-06
247.44514	0.22323917	3.5779085e-06
248.03856	0.22393155	3.7018676e-06
248.38045	0.22464356	6.259163e-06
247.85448	0.2253252	8.4507283e-06
247.01573	0.22592929	-4.4722578e-06
247.52913	0.22657494	-2.1792716e-06
246.76953	0.22728732	-5.3271651e-07
247.42339	0.22791445	3.7725549e-06
247.29178	0.22859545	2.9773219e-06
246.64047	0.22920199	-6.7614017e-08
246.64384	0.22994336	-3.9456877e-06
246.27693	0.23057617	-2.499926e-06
247.11769	0.23126177	-8.331379e-07
246.94312	0.23185782	1.0038889e-05
247.71497	0.23258564	5.1545444e-06
246.67212	0.23331743	-3.5092701e-06
246.06146	0.23403421	3.0277763e-06
246.41685	0.2347082	2.2192253e-06
246.15318	0.23522569	-4.6945643e-06
247.13503	0.23591071	6.484799e-07
246.06067	0.23660883	-5.4969687e-06
246.22931	0.23723203	5.4426723e-06
246.71797	0.23792136	-3.8442668e-06
246.38908	0.23856974	7.4618729e-06
247.15796	0.23926216	2.4312874e-06
246.32118	0.24017064	-2.0973152e-06
246.29224	0.2405691	5.43755e-06
246.13332	0.24126376	4.0686223e-06
246.29465	0.24198417	-1.9682338e-06
246.50923	0.24261163	-3.7008431e-06
245.55043	0.24330686	-4.6105592e-06
245.64967	0.24391451	-1.1732313e-05
245.47031	0.24466577	-3.6793297e-06
246.74399	0.24523939	-2.4074689e-07
246.62935	0.2459829	9.4249845e-07
246.17885	0.24657133	2.2755703e-06
245.78123	0.24725287	-1.1619879e-06
245.34703	0.24790013	1.1029537e-05
245.46153	0.24864219	-2.9937132e-06
245.45363	0.2492286	-3.2213984e-06
245.51906	0.2499902	5.1463489e-06
245.23787	0.25063476	4.4548419e-06
244.96889	0.25129262	1.2177951e-05
244.46558	0.25190154	6.1362284e-06
244.5952	0.25258079	3.0060066e-06
246.01494	0.25318742	-1.1377851e-05
245.63048	0.25392175	-1.7518178e-07
244.44553	0.25461295	-5.7164578e-07
245.14595	0.25537989	-1.5264378e-07
244.6069	0.2560356	1.0044011e-05
245.0159	0.25666299	-2.5624176e-06
244.80099	0.25730512	4.8082788e-06
244.81354	0.25793475	9.6298754e-07
244.56065	0.2586014	-1.5215716e-06
243.88756	0.25925446	-2.3575267e-06
244.91794	0.25990653	-4.2079482e-06
244.51196	0.26058644	-7.2487865e-06
245.3575	0.26126608	8.5705897e-06
243.93057	0.26187474	-9.1237953e-06
244.19023	0.26261434	-1.1536642e-05
244.01355	0.26325101	-1.5133759e-06
244.20699	0.26390225	-6.9711591e-06
244.18207	0.26470014	-1.7397805e-06
243.4491	0.26533836	2.0386652e-07
243.14854	0.26591969	-6.1321307e-06
242.97102	0.26664367	-8.3482828e-06
243.27231	0.2672697	-4.3749346e-06
243.502	0.26795888	-6.3493153e-06
243.47942	0.26869172	2.1055109e-06
242.69746	0.26924196	-1.1224183e-05
242.83443	0.26993871	-6.0768102e-06
242.97134	0.27061591	8.3626246e-06
243.04401	0.27130517	-5.1222742e-07
242.3663	0.27195758	-1.1456735e-05
241.80145	0.27264181	2.7660281e-08
242.08611	0.27328044	-5.3594354e-06
241.24529	0.27394992	-3.0851459e-06
241.79703	0.27455449	9.5161613e-06
241.49573	0.27523392	2.2294698e-06
242.4832	0.27591005	-2.452801e-06
242.05746	0.27662396	-4.6863688e-06
242.13503	0.27730578	-2.9506862e-06
240.92578	0.27799749	-1.9497936e-06
241.35474	0.27863681	1.3430603e-06
240.83649	0.2793113	3.5174658e-06
240.32387	0.27993879	4.8456712e-07
240.15854	0.28059661	-1.1256966e-05
239.95518	0.28127712	8.8000672e-07
240.10312	0.28189394	-2.4169451e-06
239.31535	0.28262442	-1.051526e-05
238.75887	0.28327021	7.3051315e-06
238.5054	0.28392747	-1.6270905e-06
236.99507	0.28466916	-3.0049821e-06
237.99576	0.28527537	1.1105091e-06
236.70746	0.28597412	-9.3860554e-06
235.67818	0.2865935	6.8369554e-06
235.16693	0.28724468	-1.1781231e-07
233.97231	0.28798553	5.5082378e-06
233.95845	0.28858596	-6.4374181e-06
233.45618	0.28930867	-2.7785777e-06
232.33527	0.29000562	-9.6421691e-06
229.85852	0.29058504	1.1341996e-05
228.63106	0.29127461	-5.9725716e-07
226.59563	0.29192013	-3.914954e-06
224.4881	0.29257026	2.2435562e-07
221.56934	0.29337695	-2.736575e-06
216.92349	0.29389894	-1.0833866e-05
212.8308	0.29466334	-3.195787e-06
204.43155	0.29527813	5.9344106e-06
189.49391	0.29605654	-6.5839154e-06
32.473507	0.29737109	-4.6628061e-06
31.694664	0.29778033	-1.3607322e-06
32.037064	0.29829571	-4.8564284e-06
32.041946	0.29888967	-4.0481332e-06
31.721716	0.29947332	-1.680106e-07
31.674059	0.30005461	-1.1345069e-05
31.887728	0.30068731	-1.4097267e-05
31.877386	0.30138707	-6.5132281e-06
31.741165	0.30199552	-9.1304537e-07
31.629974	0.30270013	-1.4642021e-06
31.901937	0.30330193	6.7119722e-06
31.681948	0.30396214	-2.0983396e-06
31.613979	0.3046582	-1.1882908e-05
31.880758	0.30534315	-5.8340142e-06
31.641861	0.30593351	-1.1793781e-05
31.780554	0.30658033	5.0818085e-06
31.453182	0.30728763	-4.5593365e-06
31.571699	0.30789807	-1.6828721e-05
31.42491	0.30852267	-2.353429e-06
31.234091	0.30925465	-3.8698781e-06
31.476746	0.30992842	-7.482362e-06
31.246058	0.31063983	9.3737617e-07
31.55423	0.31127971	-4.0798914e-06
31.288658	0.31192708	-5.0510748e-06
31.412863	0.31259236	-2.4077251e-06
31.011761	0.31328344	-4.7826675e-06
31.536251	0.31389681	-8.314476e-06
31.273821	0.31462714	-1.3887254e-05
31.372738	0.31528887	2.6635826e-07
31.161026	0.31592113	-6.9434991e-06
31.309683	0.31664541	6.1526198e-06
31.445086	0.3172746	-5.9128974e-06
31.340904	0.31786528	-6.3513639e-06
31.285164	0.31862211	-6.8215886e-06
31.269333	0.31929359	2.1341955e-06
31.044952	0.31996715	-1.2412551e-05
31.279348	0.32060272	3.1609554e-06
31.257227	0.3212423	-1.2910692e-06
31.023623	0.32193229	-8.9240266e-06
31.459745	0.32262093	2.6269583e-06
31.353045	0.32331666	-1.887302e-06
31.389631	0.32395524	1.8248102e-06
31.758568	0.32458094	2.5695888e-06
31.618595	0.32524493	2.9230257e-06
31.56632	0.32598495	-3.2582786e-06
31.555496	0.32671109	3.8350468e-06
31.583963	0.32728511	-4.6740752e-06
31.624699	0.32790473	1.7620623e-07
31.210783	0.32854697	-1.9272557e-06
31.780252	0.32926872	-7.9846013e-06
31.479774	0.32998651	-3.4426805e-06
31.530666	0.33059999	5.9303129e-06
31.587662	0.3312299	-2.9138057e-06
31.608112	0.3318831	-6.7795863e-06
31.624226	0.33252287	2.7724309e-06
31.553331	0.33331108	-1.0626158e-06
32.069252	0.33397588	2.1895162e-06
31.580935	0.33427906	-9.8552555e-06
