MTS793|MPT|ENU|1|2|.|/|:|1|0|0|A

Data Acquisition						Time:	519.4375	s	10/2/2026 2:06:26 PM
Axial Force	Axial Displacement	Axial Strain
lbf	in	in/in
66.237656	0.00046110753	6.7604291e-05
145.71907	0.0009592346	0.00014244123
230.43262	0.0015384569	0.00020150898
267.80569	0.0021867373	0.00025844434
338.33615	0.0028533225	0.00031966885
460.55722	0.0034495431	0.00043387583
552.67444	0.0040032649	0.00052071863
629.48529	0.004748296	0.00058793771
737.38831	0.0053344276	0.00069946371
818.77747	0.0060238349	0.0007702717
929.14319	0.0067181247	0.0008771029
1015.8105	0.0073029213	0.000973374
1123.1859	0.0080335792	0.0010845483
1179.8806	0.0087354118	0.0011557695
1242.4453	0.0094004646	0.0012408254
1341.7517	0.010034624	0.0013868598
1403.8873	0.010659463	0.0014942227
1481.1528	0.011395009	0.0016192708
1528.9547	0.012113799	0.001695334
1603.0004	0.01270977	0.0018777489
1652.6229	0.013464711	0.0020284688
1722.6737	0.014132076	0.0022265443
1761.3214	0.014923652	0.0024220522
1783.198	0.015619338	0.0025649443
1827.0009	0.016284352	0.0028780897
1844.6016	0.017095426	0.003105599
1872.8545	0.017695082	0.0033557301
1888.1588	0.018322879	0.0035948274
1899.9235	0.019047342	0.0038385396
1910.7931	0.019737419	0.0041023265
1914.8708	0.020364249	0.0043062223
1918.8744	0.021141464	0.0046102982
1934.6719	0.021740412	0.0047815708
1940.9015	0.022430796	0.0050410191
1939.7069	0.023205904	0.0051961485
1953.6284	0.023788404	0.0053627086
1956.1754	0.024510171	0.0056328895
1962.1376	0.025174845	0.0058087641
1967.6594	0.025832191	0.0060528871
1963.1829	0.02653721	0.0062049492
1992.8193	0.02717502	0.0064724428
1982.1309	0.02785231	0.0066739805
1995.0278	0.028430155	0.0068666614
2001.146	0.029142771	0.0071098357
1990.1375	0.02990403	0.0072814939
2011.5651	0.030505916	0.0075119105
2008.3623	0.031180797	0.007659399
2017.078	0.031848237	0.0079223625
2014.0751	0.032586847	0.0081252297
2018.8959	0.033216804	0.0083138095
2025.8785	0.033847298	0.0085520847
2030.6193	0.034494352	0.0087086381
2036.5359	0.035196539	0.0088755088
2043.2567	0.035805266	0.0091207251
2056.4287	0.036462259	0.0092905322
2045.9449	0.037242349	0.0094996337
2054.167	0.037833575	0.0096530942
2058.2236	0.038585208	0.0098912613
2063.542	0.039227378	0.010069717
2085.7305	0.039836369	0.010328458
2064.6748	0.040574394	0.010488766
2074.6233	0.041196324	0.01063255
2076.5828	0.041832566	0.010867336
2081.3069	0.042575855	0.011050606
2088.3147	0.043193337	0.011269509
2094.0793	0.043864373	0.011440693
2100.4229	0.044510894	0.011613228
2101.6711	0.045308821	0.011851611
2105.0388	0.045838155	0.012019727
2114.3291	0.046544947	0.012287337
2114.6716	0.047197733	0.012430121
2116.8657	0.047872037	0.012632583
2125.666	0.04851437	0.0127874
2116.9758	0.049224425	0.012972199
2130.1477	0.049871262	0.013198588
2129.5159	0.050569333	0.013382728
2132.6438	0.051281691	0.013637954
2132.7083	0.051914971	0.013765802
2149.324	0.052472387	0.01394551
2146.7844	0.053287033	0.014193644
2158.8674	0.05387884	0.01440065
2150.8564	0.0546114	0.01460934
2159.1711	0.055266865	0.014757866
2176.6824	0.05582903	0.014983878
2164.0593	0.056548811	0.015178511
2171.6658	0.057186522	0.015314962
2178.332	0.057856821	0.015592477
2171.3677	0.058578998	0.015758611
2187.6526	0.059233278	0.015958464
2185.9932	0.059889462	0.016160425
2193.2097	0.060505819	0.016333466
2196.1724	0.061235957	0.016537635
2197.6499	0.061834563	0.016731709
2191.4636	0.062547229	0.016920337
2202.9688	0.063208662	0.017082032
2209.6531	0.063833021	0.017246669
2204.969	0.064603224	0.017488163
2207.0437	0.065158635	0.017648138
2215.3135	0.065938182	0.017899344
2214.7014	0.066621453	0.018049244
2220.7703	0.067216694	0.01828089
2223.3125	0.067916363	0.018456068
2228.9324	0.068475991	0.018709345
2225.8159	0.06920366	0.0188835
2222.0222	0.069997281	0.018987125
2197.7891	0.069984838	0.019005844
2124.272	0.069962718	0.037247192
2206.0015	0.070245028	0.037244901
2234.7505	0.070983969	0.037246201
2246.0742	0.071677566	0.037247304
2248.2017	0.072354972	0.037253909
2245.0332	0.073059097	0.037248846
2251.5923	0.073766932	0.037247449
2255.991	0.074514665	0.037245572
2258.511	0.075198017	0.037253775
2259.071	0.075820632	0.037256535
2271.3743	0.076530859	0.037253778
2261.5391	0.077243835	0.037247255
2264.5098	0.077882946	0.037250206
2272.408	0.07846342	0.037247654
2278.0933	0.079113506	0.037253678
2287.1428	0.079883851	0.037248753
2274.1707	0.080561094	0.03725668
2278.4033	0.081185631	0.037260745
2284.4026	0.081850283	0.037252333
2280.8506	0.082551643	0.037253268
2295.1631	0.083134927	0.037246712
2285.8416	0.083870463	0.037248507
2296.8206	0.084488273	0.037240215
2290.623	0.085178241	0.037245926
2304.4932	0.085836418	0.037248325
2297.2605	0.086454295	0.037252191
2303.3176	0.087286666	0.037243344
2307.7236	0.087893739	0.037239272
2309.9661	0.088518709	0.037243497
2320.3906	0.089112051	0.037257802
2316.4368	0.089868017	0.037255179
2315.6479	0.090477005	0.037249301
2308.7607	0.091177471	0.037239529
2323.9402	0.091805063	0.037239712
2326.3308	0.092468306	0.037259273
2320.0671	0.093208656	0.03724717
2329.6963	0.093836434	0.037255824
2328.6057	0.094547667	0.037253782
2322.3755	0.095220275	0.037251323
2334.2603	0.095817395	0.037252136
2335.3035	0.096552342	0.037245832
2347.1541	0.097128615	0.03725056
2334.2107	0.097823717	0.037248831
2338.8018	0.098543949	0.037248768
2344.2336	0.099176064	0.037252679
2341.0959	0.099886484	0.037249535
2360.3955	0.10040361	0.037252948
2343.3628	0.10120439	0.037249483
2355.3208	0.1018125	0.037245281
2348.4155	0.10256156	0.03724622
2354.7874	0.10316487	0.037249375
2354.3899	0.10381052	0.037243173
2359.428	0.10448851	0.037247077
2369.5049	0.10518844	0.037239727
2357.3047	0.10586687	0.03724847
2362.334	0.10648803	0.03725072
2367.1108	0.10721692	0.037260413
2366.9099	0.10784511	0.037242748
2371.375	0.10857098	0.037248865
2372.0623	0.10925541	0.037246235
2367.6606	0.1098694	0.037240695
2376.1033	0.1105156	0.037252247
2379.2419	0.11114509	0.037251681
2374.3508	0.11185852	0.03724302
2380.1096	0.11255899	0.037239835
2383	0.11320274	0.037237369
2388.334	0.11386799	0.037244067
2387.2576	0.11454561	0.037237842
2387.0208	0.11517326	0.037236612
2392.1406	0.11582497	0.037243251
2391.1917	0.11652213	0.037249833
2388.2964	0.11728318	0.037247572
2400.5369	0.1177958	0.037253551
2399.8384	0.11855594	0.037243687
2398.0278	0.11912914	0.03724343
2407.4546	0.11984338	0.037254535
2396.5078	0.12058909	0.037242394
2413.6338	0.12119148	0.037247401
2408.6489	0.12182709	0.037252698
2406.4854	0.12247764	0.037237812
2411.3223	0.12316713	0.037242565
2403.9136	0.12397462	0.037243195
2425.6731	0.12441953	0.037245881
2410.1167	0.12518613	0.03725886
2416.3481	0.12584585	0.037238907
2415.6953	0.12649575	0.037255205
2421.9519	0.12717329	0.037248444
2417.207	0.12790078	0.037249502
2419.9917	0.12852931	0.037250251
2422.7402	0.12919305	0.037255943
2418.282	0.12986359	0.037240773
2426.8694	0.13046631	0.037249938
2421.1033	0.13120751	0.037250672
2424.6758	0.13185875	0.037246469
2437.1721	0.13246794	0.037250068
2437.7004	0.13309662	0.037243202
2438.6018	0.13381074	0.037247315
2433.2288	0.1345212	0.037261173
2432.1174	0.13520016	0.037255365
2434.0984	0.13585657	0.037245147
2439.8831	0.13648516	0.037250422
2450.9546	0.13710034	0.037253663
2441.6301	0.13781174	0.03724606
2439.2961	0.13850014	0.037250739
2442.7222	0.13920207	0.037244372
2446.47	0.1398439	0.037245158
2449.3784	0.14053842	0.03725053
2444.9136	0.14121516	0.037257947
2454.9329	0.14179228	0.03725272
2449.0232	0.14254779	0.037244018
2447.0256	0.14321034	0.037254427
2455.3958	0.14386094	0.037241846
2450.73	0.14459366	0.037241295
2460.0925	0.14516874	0.037244704
2452.0408	0.14581653	0.03724312
2461.3555	0.14649777	0.037243687
2457.0171	0.14721757	0.037244204
2463.0798	0.14785896	0.037255432
2465.7065	0.14851795	0.037254341
2459.4241	0.14920507	0.037247427
2468.0725	0.14982399	0.037243232
2466.5215	0.15055558	0.037247226
2464.5854	0.15116774	0.037240349
2471.5071	0.15186192	0.037236236
2465.5784	0.15247333	0.037245065
2472.2136	0.15321562	0.03724445
2473.1724	0.15385759	0.037249856
2475.8462	0.1544835	0.03724166
2470.9114	0.15517305	0.037240583
2472.7576	0.155894	0.037247729
2471.7266	0.15658957	0.037244458
2476.4604	0.15716703	0.03724999
2487.978	0.15778439	0.037242331
2478.1064	0.15850291	0.037234869
2484.3867	0.15918277	0.037247296
2480.1614	0.15990402	0.037245579
2475.7527	0.16054262	0.037254959
2490.5671	0.16120917	0.037236296
2482.8589	0.16185397	0.037248116
2498.3733	0.16249332	0.037245236
2491.2891	0.16318658	0.037253134
2479.312	0.16387245	0.037244409
2487.802	0.16461153	0.037246678
2494.6924	0.16511974	0.037249286
2500.9934	0.16576602	0.037250459
2488.3755	0.16653182	0.037251052
2494.1487	0.16720043	0.037249979
2495.7781	0.16782422	0.037247397
2493.2729	0.16856939	0.037251007
2497.3086	0.16918956	0.03724803
2498.1257	0.16983169	0.037245221
2508.1294	0.17045255	0.03725056
2493.4167	0.17116894	0.037250455
2501.4404	0.17183216	0.03724676
2497.4778	0.17247014	0.03724369
2496.156	0.17332157	0.037245728
2512.8879	0.17385715	0.037245039
2501.1487	0.17447813	0.037245695
2503.3071	0.17520213	0.037257899
2500.1648	0.17589238	0.037247322
2505.3682	0.17650999	0.037241425
2511.3101	0.17714766	0.037247021
2512.0898	0.17778298	0.037239239
2510.7666	0.17857939	0.037242856
2511.9302	0.17915902	0.037248347
2514.5752	0.17985582	0.037253972
2518.1489	0.18052447	0.037250407
2510.4546	0.18123025	0.037251029
2512.564	0.18191423	0.037244633
2513.8347	0.1825179	0.03725132
2514.4836	0.18316263	0.037249483
2519.7461	0.18384059	0.037240107
2512.7065	0.18457364	0.037252408
2516.6921	0.18522479	0.03724682
2514.4592	0.18586186	0.037248589
2527.3474	0.18642941	0.03724955
2519.4553	0.18725434	0.037248369
2528.3237	0.18781568	0.037249383
2522.5591	0.18852192	0.037241507
2516.3564	0.18928419	0.037238374
2525.1702	0.18979211	0.037235927
2518.6853	0.19047275	0.0372499
2536.6492	0.19109327	0.03724543
2523.656	0.19188844	0.037251666
2528.9355	0.19248146	0.037238911
2525.3088	0.19321708	0.03724508
2527.3403	0.19387525	0.037241224
2535.0581	0.19448668	0.037243765
2533.4031	0.19513008	0.037248552
2536.5732	0.19581005	0.037245452
2527.4155	0.19658148	0.037249237
2531.5508	0.19717322	0.037249647
2537.9827	0.1978309	0.037256185
2534.2886	0.19850977	0.037244629
2536.561	0.19917279	0.037247285
2533.3005	0.19994484	0.037258487
2531.2063	0.20054136	0.037244357
2536.4692	0.20115969	0.037246335
2538.7734	0.20197983	0.037257399
2539.7024	0.20244412	0.037242848
2538.5017	0.20326123	0.037236542
2534.354	0.20386004	0.037251037
2537.2878	0.20448877	0.03725769
2540.4583	0.20514689	0.037243605
2542.145	0.20580782	0.037252694
2552.0884	0.20642164	0.037249025
2544.6191	0.2072359	0.03724834
2537.748	0.20789826	0.037251342
2541.1675	0.20855355	0.037230466
2551.8318	0.2091364	0.037250821
2540.8152	0.20990239	0.037250239
2552.6482	0.21045911	0.03725379
2542.9568	0.21117051	0.037250463
2550.6538	0.21186586	0.037247397
2551.6572	0.21254106	0.037246536
2547.3533	0.21312527	0.037244275
2550.689	0.21387723	0.037259027
2542.3728	0.21462795	0.037253324
2560.7214	0.21515302	0.037239697
2552.5195	0.21586734	0.037241951
2546.5623	0.2165485	0.03723434
2550.2031	0.21715611	0.037244909
2551.3635	0.21786848	0.037263937
2557.8726	0.21848057	0.037241675
2556.4028	0.2192312	0.037247721
2562.1299	0.21977858	0.03726035
2552.7261	0.22053312	0.037238866
2557.4233	0.22118028	0.037245438
2551.7166	0.22194619	0.037244413
2555.6064	0.22253802	0.03724784
2566.5217	0.22317097	0.037245348
2565.2114	0.22383998	0.037234578
2563.2332	0.2244851	0.03723637
2559.655	0.22517125	0.037248783
2561.2109	0.22586921	0.03724933
2570.4868	0.22652353	0.037241556
2564.8267	0.22719109	0.037258096
2574.5801	0.22780807	0.03724606
2562.2246	0.22850075	0.037248101
2554.342	0.22924231	0.037255358
2574.3357	0.22983551	0.037248474
2564.4766	0.23052546	0.037250631
2566.4258	0.23113135	0.037251342
2565.7336	0.23187059	0.037255511
2566.2417	0.23256792	0.037249759
2566.4255	0.23319641	0.037243787
2560.6377	0.23386356	0.037250172
2569.3667	0.23444431	0.037252456
2569.8982	0.23518808	0.037259132
2576.426	0.23579006	0.037240416
2566.668	0.236531	0.037245885
2571.2576	0.23717076	0.037248038
2568.0154	0.23785794	0.037245095
2577.2998	0.23849718	0.037253778
2584.2197	0.23906995	0.037250206
2567.717	0.23987465	0.037249863
2572.3596	0.24056219	0.037250459
2578.2993	0.24131958	0.037247971
2572.0491	0.24188475	0.037252504
2573.9712	0.24249855	0.037266549
2574.0603	0.24319173	0.037250757
2581.1372	0.24383652	0.037256397
2573.25	0.24455546	0.037250977
2582.9678	0.2451341	0.037249133
2578.4126	0.24585497	0.037256461
2568.7869	0.24664032	0.03724565
2576.9751	0.24719207	0.037254043
2581.4658	0.24783929	0.037243746
2585.8276	0.24845833	0.037250225
2580.5298	0.24918154	0.037248991
2582.9519	0.24989165	0.037254602
2573.416	0.25055167	0.037255656
2573.2712	0.25121561	0.037250958
2583.4575	0.25188512	0.03725832
2581.925	0.25252897	0.037249014
2583.741	0.25314638	0.037256282
2592.4333	0.25378454	0.037247665
2574.1565	0.25458223	0.037257157
2588.3787	0.25516701	0.037260827
2588.8274	0.25585461	0.037249021
2591.3472	0.25646147	0.037249323
2582.8115	0.25724721	0.037252188
2585.8704	0.25775969	0.037248529
2584.4775	0.25855714	0.037255134
2581.0322	0.25923705	0.037254397
2590.4529	0.25979403	0.037250102
2587.564	0.26051489	0.037248027
2588.0674	0.26115558	0.037257496
2584.6077	0.26186404	0.037243713
2589.7332	0.26253733	0.037252393
2592.0369	0.26319593	0.037256919
2584.2471	0.26387027	0.037258115
2600.0688	0.26442802	0.037257355
2583.905	0.26520562	0.037260812
2579.7322	0.26592237	0.037250739
2588.667	0.26655865	0.037262976
2593.562	0.26711693	0.037245896
2597.937	0.26781911	0.037258815
2595.8477	0.26850677	0.037252709
2585.8728	0.26927266	0.03724657
2593.6628	0.26984015	0.037259236
2595.7056	0.27050278	0.037253588
2596.0068	0.2711975	0.037260097
2589.4036	0.27194655	0.037245896
2595.5566	0.27252612	0.037252586
2595.9788	0.27316827	0.037254531
2593.0979	0.27387992	0.037260659
2595.7268	0.27452153	0.037261385
2592.3369	0.27526951	0.037248515
2590.3071	0.27587798	0.037252046
2589.7043	0.27656841	0.03726127
2596.2988	0.27711454	0.037241228
2600.5962	0.27787715	0.037252799
2598.3171	0.2784844	0.037257094
2598.5007	0.27913675	0.037242409
2593.2312	0.27983648	0.037248902
2602.2317	0.28050038	0.037256587
2596.6946	0.28116646	0.037257735
2605.7712	0.28176975	0.037240732
2598.842	0.28253379	0.037256405
2599.5125	0.28316203	0.037262827
2607.2368	0.28376397	0.037255727
2600.1157	0.28455055	0.037266631
2605.1292	0.28518119	0.037255399
2602.9692	0.28587693	0.037250284
2602.7754	0.28652456	0.037252806
2596.2212	0.28728473	0.037244905
2599.8027	0.28784943	0.037257887
2614.939	0.28843734	0.037248231
2601.9141	0.28919756	0.037259009
2598.1404	0.28987369	0.03725424
2600.0125	0.29061052	0.037251551
2598.4585	0.29112539	0.037270337
2609.8096	0.29180959	0.037262894
2607.4224	0.29248479	0.037261568
2607.1294	0.29318923	0.037250835
2600.0144	0.2939041	0.037257519
2595.832	0.29446542	0.037256975
2607.9819	0.29513955	0.037255954
2609.9668	0.29589641	0.037260573
2609.2993	0.296464	0.037253004
2606.4983	0.29734167	0.037256218
2606.5676	0.2978414	0.037258286
2604.0334	0.29851332	0.037257016
2609.4089	0.29924366	0.037262585
2609.5259	0.29993892	0.037244637
2608.1077	0.30064195	0.037251826
2607.3933	0.30115792	0.037256572
2601.7112	0.30186188	0.037264444
2602.989	0.30263183	0.037252393
2610.6733	0.30319783	0.037261762
2608.5264	0.30389416	0.037252713
2611.6599	0.30451643	0.03725154
2598.8962	0.30527011	0.037252266
2616.0576	0.30578208	0.037250116
2612.3081	0.30653155	0.037248679
2612.0151	0.30715209	0.037258517
2609.3479	0.30789107	0.037249919
2609.6316	0.30861923	0.037262913
2621.1313	0.30921912	0.037262741
2609.3674	0.30989686	0.037253413
2613.3569	0.31044292	0.037260763
2612.0854	0.31114328	0.037257735
2612.501	0.3118372	0.037243955
2611.9155	0.31250927	0.037247587
2616.4888	0.31316555	0.037265476
2619.0415	0.31382841	0.037256595
2615.323	0.3145228	0.037265521
2617.6421	0.3151522	0.037252788
2606.7563	0.31592235	0.037252765
2606.9382	0.31662089	0.037251256
2621.2207	0.31720701	0.03726007
2617.4775	0.31781155	0.037258912
2622.4761	0.3184973	0.037260663
2611.7488	0.31924123	0.037258115
2602.8005	0.31989565	0.037259653
2616.9587	0.32055509	0.037256047
2619.9111	0.32118723	0.037249625
2629.0503	0.3219021	0.037251372
2617.4395	0.32255027	0.037257835
2613.8091	0.32321224	0.03724511
2619.4424	0.32386836	0.037267957
2616.1963	0.32455599	0.037254598
2624.3381	0.32524475	0.037259117
2614.5264	0.32590991	0.037252422
2627.6199	0.32645273	0.037256718
2618.7205	0.32717407	0.037252039
2611.9749	0.32790551	0.03725392
2621.8293	0.32856509	0.037259471
2621.6157	0.32922733	0.037259616
2623.3811	0.3297838	0.037260685
2611.2688	0.33050641	0.037259337
2618.4683	0.33117631	0.037260666
2621.05	0.33184859	0.037250053
2618.106	0.33256498	0.037257526
2617.6694	0.33325681	0.037256151
2618.8518	0.33388221	0.037264664
2625.8447	0.33450261	0.037256088
2620.9072	0.33516955	0.037261851
2630.9912	0.33576354	0.037253834
2620.5378	0.33655441	0.037254091
2618.1069	0.33718601	0.037255965
2623.5693	0.33788469	0.037264653
2619.5576	0.33848283	0.037246007
2620.9961	0.33915603	0.037264138
2626.2107	0.33981416	0.037259206
2617.4094	0.34052867	0.037260029
2615.0996	0.34118918	0.037257977
2619.7229	0.3418414	0.037253868
2623.5103	0.34251389	0.037252653
2629.3125	0.34319732	0.037260637
2627.7202	0.34379947	0.037263364
2624.575	0.34451583	0.037252504
2615.7449	0.34528908	0.037257902
2621.5649	0.34597874	0.03725766
2621.9272	0.34654081	0.037265401
2635.9524	0.34713715	0.037249934
2622.4116	0.34785128	0.037252922
2615.9817	0.34860817	0.037258457
2625.3787	0.34919983	0.037248328
2622.0764	0.34993154	0.037257552
2641.0627	0.35039139	0.037254196
2624.5562	0.35120019	0.037268236
2631.1448	0.3518002	0.037263878
2622.7292	0.35255721	0.03725712
2624.8184	0.35321885	0.03725357
2620.8296	0.35399419	0.037252907
2625.1067	0.35454181	0.037246659
2634.2998	0.35517097	0.037258554
2619.6558	0.35592106	0.037242383
2625.5874	0.356529	0.037258986
2626.9912	0.3572098	0.037248906
2623.1394	0.35789695	0.037258126
2624.5935	0.35846752	0.037251651
2627.8989	0.35913825	0.037257385
2629.5547	0.35983452	0.037255008
2626.7988	0.36052531	0.037263483
2629.1304	0.36120763	0.037251446
2626.4436	0.36186251	0.037249234
2624.853	0.3624835	0.037257385
2617.0891	0.36322913	0.037247252
2629.4468	0.36383653	0.037251338
2628.312	0.3645277	0.037262306
2631.8677	0.36513656	0.037256822
2629.5149	0.36586496	0.037257336
2624.4561	0.36655208	0.037252922
2623.3516	0.36723164	0.037254915
2636.2847	0.36778176	0.037247479
2632.4021	0.36856863	0.037260652
2624.9246	0.369275	0.037269197
2631.1951	0.36986887	0.037254747
2622.3535	0.37049848	0.037266046
2627.4185	0.37117627	0.037253641
2631.0815	0.37184355	0.037253439
2632.5728	0.37250724	0.037250102
2629.7881	0.37317801	0.037256844
2618.7078	0.37396941	0.037255336
2635.6946	0.37447545	0.037258487
2627.2029	0.37513644	0.037259262
2638.0417	0.37580389	0.037267871
2627.696	0.37659386	0.037272081
2635.5427	0.37714294	0.037271675
2626.7246	0.37783256	0.037256774
2626.7727	0.37847355	0.037253283
2638.7205	0.37931857	0.037253529
2623.9768	0.37993923	0.03725864
2635.1079	0.3804611	0.037254997
2626.7563	0.38123265	0.037246447
2631.7632	0.38193989	0.037260536
2637.6763	0.38253295	0.037254296
2632.2937	0.38322407	0.037251968
2633.0701	0.38384709	0.03725557
2625.7832	0.38458517	0.037253592
2633.2146	0.38517067	0.037255201
2626.3276	0.38586095	0.037255943
2628.2505	0.38656288	0.037259281
2633.6211	0.3871882	0.03725864
2631.0615	0.38792363	0.037260137
2622.228	0.38858199	0.037260476
2635.4048	0.38916165	0.037250839
2632.1252	0.38985687	0.037258971
2636.4985	0.39048931	0.03726152
2630.6868	0.39119869	0.037260421
2629.2849	0.39183086	0.03725969
2628.4741	0.39255616	0.037250299
2626.9297	0.39323717	0.037260592
2638.1882	0.39385292	0.037260231
2629.2065	0.39464584	0.037253551
2636.417	0.39517218	0.037259571
2629.2019	0.39590108	0.037259124
2635.6624	0.39647147	0.037263755
2630.2834	0.39729828	0.037260056
2637.1887	0.3978104	0.037267182
2634.0659	0.3985506	0.037258916
2620.009	0.39922518	0.037262976
2635.5146	0.39981592	0.037252955
2637.22	0.40049481	0.037267279
2637.7505	0.40116942	0.037262123
2630.6453	0.40186754	0.037270688
2631.4421	0.40253282	0.037259616
2632.6174	0.40323061	0.037254576
2631.7573	0.4038814	0.037261315
2649.2139	0.40439636	0.037262186
2626.6794	0.40528283	0.037255645
2629.9551	0.40586939	0.037254602
2633.166	0.40648991	0.037259903
2636.3987	0.40717202	0.037252519
2642.2898	0.40784356	0.037249427
2632.7737	0.40851784	0.037270151
2641.0874	0.40913266	0.03726276
2626.792	0.4099544	0.037258148
2632.5615	0.41057554	0.037254523
2634.7891	0.41114485	0.037262991
2632.3853	0.41186756	0.037263576
2638.4231	0.41257614	0.037256606
2639.8193	0.41314679	0.037269898
2632.8496	0.41387975	0.037266627
2627.0132	0.41463578	0.037263889
2632.26	0.41516754	0.037257522
2636.646	0.41582754	0.037263207
2638.7083	0.4165349	0.037262894
2628.2129	0.41722706	0.037262168
2633.6321	0.41786063	0.037252229
2629.1292	0.41855815	0.037259262
2640.9988	0.41914681	0.03726089
2632.104	0.41980729	0.037275884
2634.3391	0.42059278	0.037255421
2635.8833	0.42114833	0.037254754
2644.5408	0.42178157	0.037259813
2631.9597	0.42256269	0.037259717
2632.5618	0.42321008	0.037253454
2632.9009	0.42393076	0.037254866
2624.0042	0.42446324	0.037260845
2642.6587	0.42513379	0.037258852
2634.0544	0.42590734	0.037264574
2643.1055	0.42647389	0.037256375
2632.0178	0.42720592	0.0372678
2634.595	0.42779678	0.037262317
2635.4492	0.4285849	0.037257813
2635.7156	0.42917407	0.037261631
2644.8032	0.42978802	0.037256774
2634.8188	0.43051919	0.037257299
2632.3992	0.43124905	0.037259072
2624.8674	0.43191493	0.037266072
2635.8184	0.43254861	0.037265215
2640.0815	0.43314254	0.037262138
2638.9084	0.43380147	0.037263352
2638.1909	0.43451539	0.037253022
2628.2522	0.43524086	0.037253078
2634.7998	0.43586123	0.037267838
2640.856	0.43649948	0.037256148
2634.5801	0.43720502	0.037261624
2639.915	0.43787509	0.037255153
2634.4353	0.43848777	0.037257705
2632.157	0.43920565	0.037259359
2627.3555	0.43998775	0.037269223
2632.5286	0.44058239	0.037255637
2640.6816	0.44123217	0.037255395
2638.6265	0.4418717	0.03726472
2630.8	0.44252336	0.037258767
2635.0554	0.44319272	0.037254859
2634.6936	0.4438791	0.037249673
2634.2654	0.44450986	0.03725639
2641.0576	0.44512805	0.037269019
2638.9446	0.44588503	0.037259728
2633.3374	0.44653088	0.037264854
2633.04	0.44723725	0.037259068
2640.5496	0.44782001	0.037263889
2637.0742	0.44858077	0.037269659
2643.8577	0.44920138	0.037259314
2628.2126	0.4498519	0.037259527
2642.426	0.45043379	0.037261792
2639.6194	0.4512046	0.037255302
2636.6033	0.45185837	0.037258234
2632.2061	0.45256567	0.037257232
2626.7136	0.45325521	0.037257507
2644.6514	0.45380139	0.037255391
2633.8977	0.45453012	0.037264515
2636.0308	0.45512775	0.037250776
2632.4773	0.4559001	0.037253786
2633.5847	0.45657447	0.037255391
2629.5244	0.45727047	0.037268601
2635.9673	0.45780736	0.037257735
2647.2319	0.4584471	0.037260771
2637.8899	0.4591949	0.037262019
2640.7383	0.45986661	0.037262421
2625.1868	0.46060261	0.037265062
2634.6194	0.4611963	0.037255406
2638.603	0.46181023	0.03726162
2636.9741	0.46252325	0.037253208
2641.5015	0.4631125	0.037254449
2636.3853	0.46386212	0.037253331
2634.5901	0.46454918	0.037240997
2642.1155	0.46520233	0.037261583
2630.2781	0.46596661	0.037265141
2644.7329	0.46642935	0.037258673
2633.6021	0.46720749	0.037257899
2630.8916	0.46794087	0.037254278
2634.4011	0.46857816	0.037262913
2629.0544	0.46929196	0.037267521
2636.8689	0.46983117	0.037256032
2632.1157	0.47056332	0.037253764
2638.178	0.47113207	0.03726228
2633.8657	0.47187832	0.037248433
2633.2	0.4725439	0.037250806
2639.3994	0.4731732	0.037248999
2634.061	0.47392681	0.037258532
2634.0164	0.47454679	0.037261643
2630.3057	0.47515938	0.037259683
2638.4016	0.4759008	0.037259046
2636.0728	0.47652274	0.037255004
2634.0347	0.47718862	0.037269123
2633.2515	0.47785342	0.03726244
2628.2307	0.47855791	0.03725753
2634.5012	0.47919291	0.037267122
2637.3687	0.47983775	0.037269063
2636.4495	0.4805665	0.037277516
2631.1899	0.48125473	0.037270587
2625.6882	0.48188379	0.037258767
2633.6392	0.48252335	0.037258565
2624.4487	0.48325205	0.03727049
2628.0012	0.48388159	0.037270285
2635.7356	0.48455095	0.037272137
2627.7344	0.48519093	0.037255391
2625.0371	0.48588827	0.0372696
2634.9917	0.4864873	0.037258796
2637.5781	0.48716041	0.037272818
2634.5876	0.48788196	0.037255026
2636.4648	0.48845303	0.037271097
2634.3359	0.48918322	0.037262205
2631.1768	0.4899337	0.037262339
2637.9602	0.49050394	0.037266929
2631.2993	0.49128318	0.037267815
2637.7959	0.49181274	0.037258983
2633.2029	0.49249002	0.037264321
2626.9246	0.49333259	0.0372651
2636.9587	0.49380046	0.037260197
2631.1226	0.49458984	0.037261166
2639.1416	0.49516752	0.037251316
2628.0981	0.49590498	0.037275989
2634.05	0.49661738	0.03726403
2629.2585	0.49721485	0.037268918
2625.1094	0.49784967	0.037256092
2634.6462	0.49852252	0.037265401
2636.9802	0.49918973	0.037261475
2635.9358	0.49985304	0.037265796
2619.0769	0.50061166	0.037266642
2625.2744	0.50121093	0.03726818
2636.2642	0.50179726	0.037268184
2636.4272	0.50258249	0.037262112
2626.8896	0.503295	0.037260205
2622.3489	0.50400442	0.037258573
2633.3643	0.50443661	0.037254918
2630.3315	0.50518394	0.037250608
2631.6624	0.50588787	0.037245203
2624.1165	0.506531	0.037261173
2622.3589	0.50724983	0.037265733
2630.4463	0.50785661	0.037253805
2629.2815	0.50852996	0.037266813
2623.8555	0.50917953	0.037257653
2633.3181	0.50986189	0.037262738
2628.9846	0.51054806	0.037254959
2623.8147	0.51129186	0.03726453
2625.9741	0.51189154	0.037259363
2635.6843	0.51246846	0.037257105
2625.2554	0.51323056	0.037261192
2624.8647	0.51387584	0.037265066
2630.4431	0.51449478	0.037258264
2625.8945	0.51518971	0.037261758
2630.8044	0.515827	0.037263259
2632.9907	0.51650661	0.037266135
2630.6392	0.51723373	0.037255716
2625.2905	0.51788485	0.037252918
2622.9395	0.51854444	0.037267283
2628.8059	0.5191654	0.037267957
2625.5706	0.51992434	0.0372626
2629.3799	0.52052426	0.037256338
2626.8145	0.52116388	0.03725877
2620.7036	0.52196151	0.037262149
2623.7039	0.52253038	0.037255708
2621.7205	0.52318782	0.037253361
2637.1501	0.52384311	0.037255883
2632.5596	0.524553	0.037254583
2627.78	0.52522951	0.037261032
2617.5132	0.52593094	0.037263647
2616.9646	0.52655178	0.037267484
2628.0615	0.52720386	0.037256911
2628.1548	0.52778554	0.037263889
2630.4558	0.5284999	0.037253641
2616.8848	0.5292815	0.037256218
2623.6843	0.52982992	0.037258092
2623.5635	0.53053486	0.037251916
2625.6023	0.53115302	0.037260272
2629.8223	0.5318138	0.03726263
2619.6917	0.53259248	0.03726026
2628.0964	0.53315657	0.037259743
2626.8191	0.53384191	0.037253261
2620.7673	0.53448898	0.03725766
2622.1138	0.53519928	0.037270837
2617.4023	0.5359273	0.03725677
2620.1396	0.53652298	0.037259553
2620.0776	0.53712648	0.037258737
2622.501	0.53785694	0.037251368
2618.4949	0.53855288	0.037259903
2614.907	0.53926432	0.037254661
2624.0332	0.5399484	0.037260406
2618.4087	0.54055291	0.037257299
2627.2217	0.54112023	0.037267357
2621.635	0.54185849	0.037256341
2623.7637	0.54251772	0.037256714
2614.3025	0.54319572	0.037251562
2608.7178	0.54386407	0.037253756
2621.6111	0.54448652	0.03725915
2615.5273	0.54517263	0.037261955
2624.8845	0.54579419	0.0372536
2617.9082	0.54653805	0.037250645
2607.751	0.5472306	0.037260879
2612.6526	0.54793531	0.037253026
2612.741	0.54860163	0.037258651
2617.425	0.54927069	0.037254475
2612.4929	0.54992998	0.037256446
2614.7695	0.55052954	0.037260346
2608.3716	0.55117327	0.0372633
2604.4026	0.5518924	0.037256543
2609.7588	0.55258948	0.037261643
2612.7627	0.55317682	0.037257999
2618.2881	0.55379307	0.037255917
2603.8059	0.55460304	0.037269041
2611.2539	0.55513424	0.037268441
2607.9443	0.55588675	0.037262212
2609.4624	0.55649781	0.037256092
2608.5833	0.5572983	0.037256833
2599.9497	0.55792755	0.037255682
2611.1296	0.55850047	0.037260801
2609.3501	0.55923253	0.037268195
2604.2449	0.55985653	0.037252609
2597.7839	0.56068766	0.03725899
2596.1436	0.56119436	0.03726482
2603.3203	0.56182885	0.037259448
2598.572	0.56254745	0.037258979
2609.2874	0.56314749	0.037252016
2597.9805	0.56398296	0.037254199
2596.8586	0.56453556	0.037274528
2587.6633	0.56522053	0.037252776
2597.0847	0.56586504	0.037263896
2599.6245	0.56652045	0.037260193
2595.8391	0.56718141	0.0372627
2594.8687	0.56787497	0.037258804
2593.7207	0.56865531	0.037257764
2584.272	0.56926501	0.03726327
2591.5601	0.56982988	0.03725493
2589.0842	0.57058907	0.037256237
2600.7383	0.57114983	0.037265737
2584.2695	0.57187921	0.037254915
2576.1633	0.57257485	0.037259903
2581.8918	0.57324415	0.037259012
2578.4963	0.57394803	0.037253629
2581.2183	0.5746159	0.037253726
2576.741	0.57523692	0.037267111
2580.4636	0.57585633	0.037256625
2572.7214	0.57656264	0.037251446
2573.7888	0.57719284	0.037267242
2577.301	0.57785177	0.037252709
2569.7595	0.57852936	0.037266217
2575.0117	0.57914579	0.037263077
2568.5945	0.57988262	0.037256174
2569.074	0.58053499	0.037269726
2566.4114	0.58117098	0.037263371
2557.3425	0.58197057	0.037258454
2560.8164	0.58269137	0.037265297
2547.3931	0.58325917	0.037262462
2557.571	0.58386308	0.037263095
2561.2039	0.58455372	0.037258182
2553.4834	0.58520979	0.037259735
2544.6243	0.58600903	0.03725509
2542.0613	0.58659911	0.037251793
2549.646	0.58720458	0.037270337
2540.0073	0.58791065	0.037252594
2551.9575	0.58850354	0.037254699
2529.0652	0.58926272	0.037260447
2528.4536	0.58988172	0.037263524
2512.2451	0.59066737	0.037267219
2512.3264	0.59125751	0.03727043
2513.0127	0.59190744	0.037249874
2490.8872	0.59270459	0.037269421
2483.594	0.5934245	0.037261881
2465.4133	0.59405047	0.03726257
2452.6594	0.59466493	0.0372651
2447.8289	0.59540051	0.037258197
2418.1108	0.59613198	0.037254985
2394.375	0.59678805	0.037257604
2363.1904	0.59745604	0.037264116
2350.5747	0.59814954	0.037259638
2295.7207	0.59896779	0.037263565
2242.7231	0.59978944	0.037257034
2186.0859	0.60041958	0.037263095
2158.7734	0.60108888	0.037265614
2130.3252	0.60164148	0.037255432
2115.5869	0.6022855	0.037255194
2112.9775	0.60279959	0.03725294
2077.5752	0.60358113	0.037255492
2061.5518	0.60418725	0.037256606
2043.3956	0.60487205	0.03726336
2034.5975	0.60544324	0.037251905
2026.4806	0.60605872	0.03726548
1998.6652	0.6067878	0.037257995
1969.9531	0.60749149	0.037255667
1946.312	0.60819602	0.037245918
1928.3904	0.60877115	0.037260987
1912.6671	0.60950637	0.037264146
1886.1688	0.61016357	0.037252959
1816.8793	0.61105853	0.037251242
1781.0265	0.61164296	0.037260551
1754.6991	0.61232388	0.037255198
1710.8942	0.61309904	0.037264816
1667.2828	0.61368001	0.037260856
1172.4542	0.61588973	0.037255809
1070.817	0.6162594	0.037258293
1050.7555	0.61651665	0.037263259
1021.9776	0.61698413	0.03725579
927.89355	0.61759579	0.037261393
181.32306	0.62068665	0.037263874
180.96461	0.62033254	0.037267301
180.62798	0.62024194	0.037265118
180.63728	0.62050325	0.037261467
180.52603	0.62071645	0.037255213
180.25897	0.62114012	0.03726409
180.32849	0.62168616	0.037267279
180.59279	0.62216854	0.037257101
180.38005	0.62279963	0.03725601
180.3961	0.62335128	0.037251517
180.0041	0.62398297	0.037277162
179.90178	0.62458348	0.037262324
180.19344	0.6252625	0.037256449
179.84431	0.62587303	0.037262194
179.72115	0.62641972	0.037256774
